PopName,Sex,Year,Age,mx,qx,ax,lx,dx,Lx,Tx,ex
WI,b,1960-1969,0,0.02086,0.02048,0.11,100000,2048,98170,7173357,71.73
WI,b,1960-1969,1-4,0.00081,0.00325,1.67,97952,318,391068,7075187,72.23
WI,b,1960-1969,5-9,0.00040,0.00202,2.26,97634,197,487632,6684119,68.46
WI,b,1960-1969,10-14,0.00037,0.00184,2.66,97437,179,486766,6196488,63.59
WI,b,1960-1969,15-19,0.00102,0.00507,2.9,97258,493,485252,5709722,58.71
WI,b,1960-1969,20-24,0.00119,0.00592,2.42,96765,573,482347,5224469,53.99
WI,b,1960-1969,25-29,0.00103,0.00514,2.44,96193,495,479694,4742123,49.30
WI,b,1960-1969,30-34,0.00122,0.00608,2.59,95698,582,477088,4262429,44.54
WI,b,1960-1969,35-39,0.00180,0.00898,2.66,95116,854,473584,3785340,39.80
WI,b,1960-1969,40-44,0.00286,0.01419,2.7,94262,1338,468236,3311756,35.13
WI,b,1960-1969,45-49,0.00465,0.02302,2.68,92924,2139,459667,2843520,30.60
WI,b,1960-1969,50-54,0.00760,0.03733,2.67,90785,3389,446045,2383853,26.26
WI,b,1960-1969,55-59,0.01184,0.05762,2.65,87396,5036,425164,1937808,22.17
WI,b,1960-1969,60-64,0.01839,0.08812,2.64,82360,7257,394676,1512644,18.37
WI,b,1960-1969,65-69,0.02826,0.13240,2.62,75103,9943,351865,1117968,14.89
WI,b,1960-1969,70-74,0.04419,0.19974,2.6,65159,13015,294554,766104,11.76
WI,b,1960-1969,75-79,0.06879,0.29425,2.54,52144,15343,223044,471550,9.04
WI,b,1960-1969,80-84,0.10781,0.42355,2.47,36801,15587,144585,248506,6.75
WI,b,1960-1969,85-89,0.17065,0.58612,2.33,21214,12434,72862,103920,4.90
WI,b,1960-1969,90-94,0.25870,0.74249,2.13,8780,6519,25200,31059,3.54
WI,b,1960-1969,95-99,0.37160,0.86182,1.89,2261,1949,5244,5859,2.59
WI,b,1960-1969,100-104,0.50079,0.93274,1.64,312,291,582,615,1.97
WI,b,1960-1969,105-109,0.63137,0.96758,1.42,21,20,32,33,1.58
WI,b,1960-1969,110+,0.73163,1.00000,1.37,1,1,1,1,1.37
WI,b,1970-1979,0,0.01343,0.01327,0.09,100000,1327,98787,7379814,73.80
WI,b,1970-1979,1-4,0.00062,0.00247,1.71,98673,244,394133,7281027,73.79
WI,b,1970-1979,5-9,0.00033,0.00166,2.31,98429,163,491706,6886894,69.97
WI,b,1970-1979,10-14,0.00034,0.00170,2.76,98266,167,490955,6395188,65.08
WI,b,1970-1979,15-19,0.00099,0.00492,2.9,98099,483,489480,5904233,60.19
WI,b,1970-1979,20-24,0.00113,0.00562,2.46,97616,549,486687,5414753,55.47
WI,b,1970-1979,25-29,0.00102,0.00507,2.46,97067,492,484087,4928066,50.77
WI,b,1970-1979,30-34,0.00111,0.00552,2.61,96575,533,481599,4443979,46.02
WI,b,1970-1979,35-39,0.00159,0.00794,2.65,96042,763,478414,3962380,41.26
WI,b,1970-1979,40-44,0.00250,0.01242,2.73,95279,1183,473713,3483965,36.57
WI,b,1970-1979,45-49,0.00419,0.02075,2.65,94096,1952,465889,3010252,31.99
WI,b,1970-1979,50-54,0.00658,0.03239,2.66,92144,2984,453748,2544363,27.61
WI,b,1970-1979,55-59,0.01050,0.05124,2.65,89159,4569,435050,2090614,23.45
WI,b,1970-1979,60-64,0.01654,0.07959,2.66,84591,6733,407167,1655565,19.57
WI,b,1970-1979,65-69,0.02531,0.11937,2.62,77858,9294,367135,1248398,16.03
WI,b,1970-1979,70-74,0.03790,0.17370,2.6,68565,11910,314218,881263,12.85
WI,b,1970-1979,75-79,0.05941,0.25935,2.55,56655,14694,247312,567045,10.01
WI,b,1970-1979,80-84,0.09125,0.37196,2.52,41961,15608,171037,319733,7.62
WI,b,1970-1979,85-89,0.14166,0.51665,2.38,26353,13616,96116,148696,5.64
WI,b,1970-1979,90-94,0.21410,0.67255,2.24,12738,8567,40013,52580,4.13
WI,b,1970-1979,95-99,0.31337,0.80885,2.01,4171,3374,10766,12567,3.01
WI,b,1970-1979,100-104,0.43229,0.90109,1.76,797,718,1662,1801,2.26
WI,b,1970-1979,105-109,0.56121,0.95186,1.53,79,75,134,139,1.77
WI,b,1970-1979,110+,0.66565,1.00000,1.5,4,4,6,6,1.50
WI,b,1980-1989,0,0.00936,0.00928,0.07,100000,928,99141,7614054,76.14
WI,b,1980-1989,1-4,0.00049,0.00194,1.64,99072,192,395833,7514913,75.85
WI,b,1980-1989,5-9,0.00022,0.00111,2.37,98879,110,494109,7119079,72.00
WI,b,1980-1989,10-14,0.00024,0.00122,2.8,98770,120,493585,6624971,67.07
WI,b,1980-1989,15-19,0.00076,0.00381,2.9,98650,376,492460,6131386,62.15
WI,b,1980-1989,20-24,0.00093,0.00464,2.43,98274,456,490200,5638927,57.38
WI,b,1980-1989,25-29,0.00087,0.00435,2.51,97818,425,488030,5148727,52.64
WI,b,1980-1989,30-34,0.00097,0.00484,2.6,97393,471,485831,4660697,47.85
WI,b,1980-1989,35-39,0.00128,0.00637,2.65,96922,617,483159,4174865,43.07
WI,b,1980-1989,40-44,0.00194,0.00966,2.69,96305,931,479374,3691706,38.33
WI,b,1980-1989,45-49,0.00322,0.01596,2.72,95374,1522,473393,3212332,33.68
WI,b,1980-1989,50-54,0.00547,0.02701,2.69,93852,2535,463398,2738939,29.18
WI,b,1980-1989,55-59,0.00874,0.04280,2.65,91316,3908,447412,2275541,24.92
WI,b,1980-1989,60-64,0.01368,0.06624,2.64,87408,5790,423388,1828129,20.91
WI,b,1980-1989,65-69,0.02131,0.10140,2.63,81617,8276,388455,1404742,17.21
WI,b,1980-1989,70-74,0.03301,0.15295,2.6,73341,11218,339834,1016287,13.86
WI,b,1980-1989,75-79,0.05025,0.22404,2.58,62124,13918,276999,676453,10.89
WI,b,1980-1989,80-84,0.07889,0.33001,2.53,48205,15908,201657,399454,8.29
WI,b,1980-1989,85-89,0.12521,0.47362,2.43,32297,15297,122163,197797,6.12
WI,b,1980-1989,90-94,0.19364,0.63423,2.28,17000,10782,55682,75633,4.45
WI,b,1980-1989,95-99,0.29061,0.78408,2.06,6218,4876,16777,19951,3.21
WI,b,1980-1989,100-104,0.41115,0.88935,1.81,1343,1194,2904,3174,2.36
WI,b,1980-1989,105-109,0.54547,0.94782,1.56,149,141,258,270,1.82
WI,b,1980-1989,110+,0.65573,1.00000,1.53,8,8,12,12,1.53
WI,b,1990-1999,0,0.00796,0.00790,0.07,100000,790,99266,7743710,77.44
WI,b,1990-1999,1-4,0.00038,0.00153,1.59,99210,152,396475,7644445,77.05
WI,b,1990-1999,5-9,0.00018,0.00091,2.37,99058,90,495056,7247970,73.17
WI,b,1990-1999,10-14,0.00021,0.00106,2.9,98969,105,494622,6752914,68.23
WI,b,1990-1999,15-19,0.00069,0.00345,2.81,98863,341,493570,6258291,63.30
WI,b,1990-1999,20-24,0.00085,0.00422,2.44,98522,415,491548,5764721,58.51
WI,b,1990-1999,25-29,0.00082,0.00412,2.5,98107,404,489527,5273172,53.75
WI,b,1990-1999,30-34,0.00098,0.00491,2.54,97703,479,487338,4783645,48.96
WI,b,1990-1999,35-39,0.00125,0.00624,2.6,97224,606,484662,4296307,44.19
WI,b,1990-1999,40-44,0.00180,0.00894,2.66,96618,864,481069,3811645,39.45
WI,b,1990-1999,45-49,0.00276,0.01370,2.68,95754,1312,475726,3330576,34.78
WI,b,1990-1999,50-54,0.00446,0.02207,2.69,94442,2084,467388,2854850,30.23
WI,b,1990-1999,55-59,0.00737,0.03622,2.68,92358,3345,454018,2387462,25.85
WI,b,1990-1999,60-64,0.01191,0.05792,2.65,89012,5156,432952,1933444,21.72
WI,b,1990-1999,65-69,0.01902,0.09102,2.64,83857,7633,401268,1500492,17.89
WI,b,1990-1999,70-74,0.02913,0.13617,2.61,76224,10379,356357,1099224,14.42
WI,b,1990-1999,75-79,0.04551,0.20511,2.6,65844,13506,296745,742867,11.28
WI,b,1990-1999,80-84,0.07398,0.31314,2.55,52339,16389,221531,446122,8.52
WI,b,1990-1999,85-89,0.11916,0.45709,2.45,35950,16432,137904,224591,6.25
WI,b,1990-1999,90-94,0.19280,0.63329,2.29,19517,12360,64110,86687,4.44
WI,b,1990-1999,95-99,0.29544,0.79100,2.06,7157,5661,19162,22577,3.15
WI,b,1990-1999,100-104,0.42664,0.89952,1.79,1496,1346,3154,3415,2.28
WI,b,1990-1999,105-109,0.57144,0.95544,1.52,150,144,251,261,1.74
WI,b,1990-1999,110+,0.68824,1.00000,1.45,7,7,10,10,1.45
WI,b,2000-2009,0,0.00662,0.00658,0.07,100000,658,99386,7877856,78.78
WI,b,2000-2009,1-4,0.00027,0.00107,1.52,99342,107,397103,7778471,78.30
WI,b,2000-2009,5-9,0.00014,0.00069,2.49,99235,68,496005,7381368,74.38
WI,b,2000-2009,10-14,0.00016,0.00080,2.87,99167,80,495666,6885363,69.43
WI,b,2000-2009,15-19,0.00059,0.00297,2.88,99087,294,494815,6389697,64.49
WI,b,2000-2009,20-24,0.00084,0.00421,2.56,98793,416,492950,5894882,59.67
WI,b,2000-2009,25-29,0.00084,0.00421,2.48,98377,414,490844,5401933,54.91
WI,b,2000-2009,30-34,0.00089,0.00443,2.56,97963,434,488759,4911088,50.13
WI,b,2000-2009,35-39,0.00126,0.00627,2.66,97529,611,486215,4422329,45.34
WI,b,2000-2009,40-44,0.00185,0.00920,2.65,96918,892,482499,3936114,40.61
WI,b,2000-2009,45-49,0.00280,0.01389,2.65,96026,1334,476999,3453616,35.97
WI,b,2000-2009,50-54,0.00412,0.02039,2.65,94692,1931,468919,2976617,31.43
WI,b,2000-2009,55-59,0.00635,0.03129,2.66,92761,2903,457024,2507698,27.03
WI,b,2000-2009,60-64,0.01008,0.04925,2.69,89858,4425,439049,2050674,22.82
WI,b,2000-2009,65-69,0.01565,0.07546,2.64,85433,6446,411956,1611625,18.86
WI,b,2000-2009,70-74,0.02484,0.11725,2.62,78986,9262,372883,1199669,15.19
WI,b,2000-2009,75-79,0.03954,0.18061,2.61,69725,12593,318480,826786,11.86
WI,b,2000-2009,80-84,0.06515,0.28151,2.59,57132,16083,246851,508306,8.90
WI,b,2000-2009,85-89,0.11275,0.43950,2.49,41049,18041,160001,261455,6.37
WI,b,2000-2009,90-94,0.19245,0.63444,2.32,23008,14597,75847,101454,4.41
WI,b,2000-2009,95-99,0.30698,0.80549,2.05,8411,6775,22069,25607,3.04
WI,b,2000-2009,100-104,0.45212,0.91397,1.74,1636,1495,3307,3537,2.16
WI,b,2000-2009,105-109,0.60808,0.96421,1.46,141,136,223,230,1.63
WI,b,2000-2009,110+,0.72957,1.00000,1.37,5,5,7,7,1.37
WI,b,2010-2017,0,0.00602,0.00599,0.07,100000,599,99440,7955847,79.56
WI,b,2010-2017,1-4,0.00022,0.00088,1.61,99401,87,397395,7856407,79.04
WI,b,2010-2017,5-9,0.00010,0.00052,2.45,99314,52,496437,7459011,75.11
WI,b,2010-2017,10-14,0.00014,0.00070,2.75,99262,70,496154,6962574,70.14
WI,b,2010-2017,15-19,0.00046,0.00229,2.91,99193,227,495488,6466420,65.19
WI,b,2010-2017,20-24,0.00081,0.00405,2.66,98966,400,493894,5970932,60.33
WI,b,2010-2017,25-29,0.00103,0.00512,2.52,98565,505,491578,5477038,55.57
WI,b,2010-2017,30-34,0.00111,0.00555,2.56,98061,544,488978,4985460,50.84
WI,b,2010-2017,35-39,0.00134,0.00665,2.6,97517,649,486027,4496482,46.11
WI,b,2010-2017,40-44,0.00177,0.00883,2.65,96868,855,482329,4010455,41.40
WI,b,2010-2017,45-49,0.00271,0.01346,2.64,96013,1292,477012,3528126,36.75
WI,b,2010-2017,50-54,0.00416,0.02062,2.65,94721,1953,469010,3051114,32.21
WI,b,2010-2017,55-59,0.00620,0.03055,2.64,92768,2834,457144,2582104,27.83
WI,b,2010-2017,60-64,0.00905,0.04433,2.65,89933,3987,440295,2124960,23.63
WI,b,2010-2017,65-69,0.01382,0.06693,2.66,85947,5752,416287,1684665,19.60
WI,b,2010-2017,70-74,0.02204,0.10475,2.63,80195,8400,381072,1268378,15.82
WI,b,2010-2017,75-79,0.03553,0.16380,2.62,71794,11760,330983,887306,12.36
WI,b,2010-2017,80-84,0.06004,0.26229,2.59,60035,15746,262280,556324,9.27
WI,b,2010-2017,85-89,0.10534,0.41749,2.52,44288,18490,175517,294043,6.64
WI,b,2010-2017,90-94,0.18188,0.61250,2.33,25798,15801,86878,118526,4.59
WI,b,2010-2017,95-99,0.29290,0.78980,2.08,9997,7896,26957,31648,3.17
WI,b,2010-2017,100-104,0.43666,0.90622,1.77,2101,1904,4361,4691,2.23
WI,b,2010-2017,105-109,0.59351,0.96120,1.48,197,189,319,330,1.67
WI,b,2010-2017,110+,0.71711,1.00000,1.39,8,8,11,11,1.39
