PopName,Sex,Year,Age,mx,qx,ax,lx,dx,Lx,Tx,ex
TN,f,1960-1969,0,0.02351,0.02303,0.12,100000,2303,97971,7345372,73.45
TN,f,1960-1969,1-4,0.00098,0.00392,1.5,97697,383,389830,7247402,74.18
TN,f,1960-1969,5-9,0.00042,0.00208,2.3,97314,202,486024,6857572,70.47
TN,f,1960-1969,10-14,0.00035,0.00174,2.66,97112,169,485165,6371547,65.61
TN,f,1960-1969,15-19,0.00060,0.00298,2.75,96943,289,484064,5886382,60.72
TN,f,1960-1969,20-24,0.00078,0.00390,2.49,96654,377,482323,5402318,55.89
TN,f,1960-1969,25-29,0.00097,0.00485,2.65,96277,467,480288,4919995,51.10
TN,f,1960-1969,30-34,0.00131,0.00651,2.68,95810,624,477601,4439707,46.34
TN,f,1960-1969,35-39,0.00192,0.00954,2.65,95186,908,473793,3962106,41.62
TN,f,1960-1969,40-44,0.00296,0.01468,2.64,94278,1384,468123,3488313,37.00
TN,f,1960-1969,45-49,0.00434,0.02147,2.68,92894,1994,459845,3020189,32.51
TN,f,1960-1969,50-54,0.00621,0.03062,2.62,90900,2783,447886,2560345,28.17
TN,f,1960-1969,55-59,0.00931,0.04553,2.63,88117,4012,431088,2112459,23.97
TN,f,1960-1969,60-64,0.01400,0.06776,2.63,84105,5699,407018,1681371,19.99
TN,f,1960-1969,65-69,0.02197,0.10441,2.64,78406,8186,372692,1274353,16.25
TN,f,1960-1969,70-74,0.03487,0.16109,2.64,70220,11312,324394,901661,12.84
TN,f,1960-1969,75-79,0.05781,0.25353,2.58,58908,14935,258327,577267,9.80
TN,f,1960-1969,80-84,0.09683,0.39069,2.53,43973,17180,177430,318939,7.25
TN,f,1960-1969,85-89,0.15665,0.55442,2.37,26793,14855,94829,141509,5.28
TN,f,1960-1969,90-94,0.23022,0.69770,2.18,11939,8330,36181,46680,3.91
TN,f,1960-1969,95-99,0.32679,0.82192,1.98,3609,2966,9078,10499,2.91
TN,f,1960-1969,100-104,0.44278,0.90616,1.74,643,582,1315,1421,2.21
TN,f,1960-1969,105-109,0.56578,0.95267,1.52,60,57,102,106,1.76
TN,f,1960-1969,110+,0.66432,1.00000,1.51,3,3,4,4,1.51
TN,f,1970-1979,0,0.01622,0.01598,0.1,100000,1598,98559,7579165,75.79
TN,f,1970-1979,1-4,0.00068,0.00270,1.6,98402,266,392969,7480606,76.02
TN,f,1970-1979,5-9,0.00033,0.00164,2.34,98136,161,490251,7087637,72.22
TN,f,1970-1979,10-14,0.00028,0.00142,2.79,97975,139,489569,6597386,67.34
TN,f,1970-1979,15-19,0.00061,0.00307,2.8,97836,300,488523,6107817,62.43
TN,f,1970-1979,20-24,0.00070,0.00351,2.53,97536,342,486838,5619294,57.61
TN,f,1970-1979,25-29,0.00080,0.00397,2.6,97194,386,485047,5132456,52.81
TN,f,1970-1979,30-34,0.00105,0.00526,2.65,96809,509,482847,4647409,48.01
TN,f,1970-1979,35-39,0.00159,0.00791,2.72,96299,762,479762,4164562,43.25
TN,f,1970-1979,40-44,0.00252,0.01251,2.68,95537,1195,474910,3684800,38.57
TN,f,1970-1979,45-49,0.00382,0.01896,2.7,94342,1788,467603,3209890,34.02
TN,f,1970-1979,50-54,0.00576,0.02843,2.64,92554,2632,456562,2742287,29.63
TN,f,1970-1979,55-59,0.00810,0.03976,2.65,89922,3575,441200,2285725,25.42
TN,f,1970-1979,60-64,0.01219,0.05925,2.64,86347,5116,419650,1844525,21.36
TN,f,1970-1979,65-69,0.01835,0.08792,2.64,81231,7142,389265,1424875,17.54
TN,f,1970-1979,70-74,0.02957,0.13822,2.64,74089,10240,346251,1035610,13.98
TN,f,1970-1979,75-79,0.04871,0.21808,2.6,63849,13924,285868,689358,10.80
TN,f,1970-1979,80-84,0.08156,0.34005,2.56,49925,16977,208161,403491,8.08
TN,f,1970-1979,85-89,0.13209,0.49267,2.42,32948,16233,122889,195329,5.93
TN,f,1970-1979,90-94,0.20151,0.64854,2.25,16716,10841,53797,72441,4.33
TN,f,1970-1979,95-99,0.29515,0.78868,2.05,5875,4633,15699,18643,3.17
TN,f,1970-1979,100-104,0.41015,0.88792,1.81,1241,1102,2688,2945,2.37
TN,f,1970-1979,105-109,0.53610,0.94439,1.57,139,131,245,257,1.85
TN,f,1970-1979,110+,0.63882,1.00000,1.57,8,8,12,12,1.57
TN,f,1980-1989,0,0.01057,0.01047,0.08,100000,1047,99039,7774896,77.75
TN,f,1980-1989,1-4,0.00045,0.00180,1.59,98953,178,395382,7675857,77.57
TN,f,1980-1989,5-9,0.00022,0.00112,2.27,98775,110,493572,7280475,73.71
TN,f,1980-1989,10-14,0.00025,0.00125,2.64,98664,123,493032,6786903,68.79
TN,f,1980-1989,15-19,0.00053,0.00267,2.76,98541,263,492117,6293871,63.87
TN,f,1980-1989,20-24,0.00058,0.00288,2.56,98278,283,490700,5801754,59.03
TN,f,1980-1989,25-29,0.00072,0.00357,2.62,97995,350,489141,5311054,54.20
TN,f,1980-1989,30-34,0.00087,0.00434,2.62,97645,424,487215,4821912,49.38
TN,f,1980-1989,35-39,0.00125,0.00623,2.7,97221,605,484714,4334698,44.59
TN,f,1980-1989,40-44,0.00192,0.00955,2.71,96616,922,480970,3849984,39.85
TN,f,1980-1989,45-49,0.00300,0.01489,2.71,95693,1425,475201,3369014,35.21
TN,f,1980-1989,50-54,0.00497,0.02458,2.68,94268,2317,465958,2893813,30.70
TN,f,1980-1989,55-59,0.00758,0.03722,2.65,91951,3422,451717,2427854,26.40
TN,f,1980-1989,60-64,0.01147,0.05582,2.62,88529,4942,430885,1976137,22.32
TN,f,1980-1989,65-69,0.01680,0.08074,2.61,83587,6749,401782,1545252,18.49
TN,f,1980-1989,70-74,0.02602,0.12249,2.61,76838,9412,361740,1143470,14.88
TN,f,1980-1989,75-79,0.04174,0.18967,2.6,67426,12789,306385,781729,11.59
TN,f,1980-1989,80-84,0.07061,0.30157,2.58,54638,16477,233363,475345,8.70
TN,f,1980-1989,85-89,0.11729,0.45216,2.47,38160,17255,147108,241981,6.34
TN,f,1980-1989,90-94,0.18844,0.62363,2.29,20906,13037,69185,94873,4.54
TN,f,1980-1989,95-99,0.28448,0.77705,2.08,7868,6114,21492,25688,3.26
TN,f,1980-1989,100-104,0.40586,0.88612,1.82,1754,1554,3830,4196,2.39
TN,f,1980-1989,105-109,0.54017,0.94620,1.57,200,189,350,366,1.83
TN,f,1980-1989,110+,0.64971,1.00000,1.54,11,11,17,17,1.54
TN,f,1990-1999,0,0.00838,0.00831,0.08,100000,831,99232,7803194,78.03
TN,f,1990-1999,1-4,0.00043,0.00172,1.56,99169,170,396259,7703962,77.69
TN,f,1990-1999,5-9,0.00020,0.00098,2.32,98998,97,494733,7307702,73.82
TN,f,1990-1999,10-14,0.00022,0.00110,2.82,98902,109,494272,6812970,68.89
TN,f,1990-1999,15-19,0.00052,0.00260,2.7,98793,257,493375,6318698,63.96
TN,f,1990-1999,20-24,0.00060,0.00298,2.52,98536,294,491955,5825323,59.12
TN,f,1990-1999,25-29,0.00071,0.00356,2.57,98243,350,490362,5333368,54.29
TN,f,1990-1999,30-34,0.00097,0.00484,2.63,97893,473,488342,4843005,49.47
TN,f,1990-1999,35-39,0.00138,0.00688,2.64,97419,670,485518,4354663,44.70
TN,f,1990-1999,40-44,0.00189,0.00943,2.64,96750,912,481590,3869145,39.99
TN,f,1990-1999,45-49,0.00297,0.01474,2.69,95837,1413,475926,3387555,35.35
TN,f,1990-1999,50-54,0.00457,0.02260,2.68,94424,2134,467179,2911630,30.84
TN,f,1990-1999,55-59,0.00735,0.03616,2.68,92290,3337,453710,2444450,26.49
TN,f,1990-1999,60-64,0.01145,0.05574,2.63,88953,4958,433028,1990740,22.38
TN,f,1990-1999,65-69,0.01702,0.08179,2.62,83995,6870,403643,1557712,18.55
TN,f,1990-1999,70-74,0.02642,0.12429,2.62,77125,9586,362832,1154069,14.96
TN,f,1990-1999,75-79,0.04122,0.18767,2.62,67539,12675,307526,791237,11.72
TN,f,1990-1999,80-84,0.06762,0.29032,2.57,54864,15928,235567,483710,8.82
TN,f,1990-1999,85-89,0.11577,0.44758,2.47,38936,17427,150533,248143,6.37
TN,f,1990-1999,90-94,0.18754,0.62271,2.3,21509,13394,71418,97609,4.54
TN,f,1990-1999,95-99,0.28791,0.78177,2.08,8115,6344,22035,26191,3.23
TN,f,1990-1999,100-104,0.41426,0.89180,1.81,1771,1579,3812,4156,2.35
TN,f,1990-1999,105-109,0.55335,0.95029,1.55,192,182,329,343,1.79
TN,f,1990-1999,110+,0.66591,1.00000,1.5,10,10,14,14,1.50
TN,f,2000-2009,0,0.00793,0.00787,0.08,100000,787,99272,7818835,78.19
TN,f,2000-2009,1-4,0.00031,0.00124,1.57,99213,123,396552,7719563,77.81
TN,f,2000-2009,5-9,0.00013,0.00063,2.51,99090,63,495292,7323011,73.90
TN,f,2000-2009,10-14,0.00017,0.00085,2.73,99027,85,494942,6827719,68.95
TN,f,2000-2009,15-19,0.00049,0.00245,2.84,98942,243,494188,6332776,64.00
TN,f,2000-2009,20-24,0.00064,0.00318,2.53,98700,314,492724,5838588,59.16
TN,f,2000-2009,25-29,0.00076,0.00380,2.62,98386,374,491040,5345864,54.34
TN,f,2000-2009,30-34,0.00102,0.00508,2.65,98012,498,488890,4854824,49.53
TN,f,2000-2009,35-39,0.00155,0.00771,2.69,97514,752,485834,4365935,44.77
TN,f,2000-2009,40-44,0.00234,0.01162,2.66,96762,1125,481173,3880101,40.10
TN,f,2000-2009,45-49,0.00340,0.01685,2.62,95637,1612,474347,3398928,35.54
TN,f,2000-2009,50-54,0.00475,0.02349,2.64,94025,2209,464912,2924581,31.10
TN,f,2000-2009,55-59,0.00693,0.03411,2.66,91817,3132,451770,2459669,26.79
TN,f,2000-2009,60-64,0.01050,0.05122,2.64,88685,4543,432710,2007899,22.64
TN,f,2000-2009,65-69,0.01610,0.07753,2.63,84142,6524,405259,1575189,18.72
TN,f,2000-2009,70-74,0.02500,0.11802,2.64,77618,9161,366427,1169930,15.07
TN,f,2000-2009,75-79,0.03988,0.18211,2.62,68458,12467,312575,803503,11.74
TN,f,2000-2009,80-84,0.06643,0.28633,2.59,55991,16032,241346,490927,8.77
TN,f,2000-2009,85-89,0.11709,0.45302,2.5,39959,18102,154603,249581,6.25
TN,f,2000-2009,90-94,0.19664,0.64248,2.3,21857,14042,71412,94978,4.35
TN,f,2000-2009,95-99,0.31088,0.80913,2.04,7814,6323,20338,23566,3.02
TN,f,2000-2009,100-104,0.45191,0.91335,1.74,1491,1362,3014,3228,2.16
TN,f,2000-2009,105-109,0.60204,0.96266,1.47,129,124,207,213,1.65
TN,f,2000-2009,110+,0.71902,1.00000,1.39,5,5,7,7,1.39
TN,f,2010-2017,0,0.00657,0.00653,0.07,100000,653,99394,7878897,78.79
TN,f,2010-2017,1-4,0.00029,0.00115,1.56,99347,114,397111,7779503,78.31
TN,f,2010-2017,5-9,0.00013,0.00065,2.6,99233,64,496011,7382392,74.39
TN,f,2010-2017,10-14,0.00014,0.00068,2.79,99169,68,495694,6886381,69.44
TN,f,2010-2017,15-19,0.00032,0.00160,2.98,99101,159,495183,6390687,64.49
TN,f,2010-2017,20-24,0.00058,0.00288,2.6,98942,285,494025,5895503,59.59
TN,f,2010-2017,25-29,0.00082,0.00409,2.69,98657,403,492354,5401478,54.75
TN,f,2010-2017,30-34,0.00113,0.00562,2.61,98253,552,489946,4909125,49.96
TN,f,2010-2017,35-39,0.00158,0.00787,2.59,97701,769,486655,4419179,45.23
TN,f,2010-2017,40-44,0.00232,0.01152,2.69,96932,1116,482082,3932524,40.57
TN,f,2010-2017,45-49,0.00347,0.01720,2.67,95816,1648,475240,3450442,36.01
TN,f,2010-2017,50-54,0.00530,0.02619,2.62,94168,2466,464968,2975202,31.59
TN,f,2010-2017,55-59,0.00742,0.03644,2.6,91702,3342,450473,2510234,27.37
TN,f,2010-2017,60-64,0.01010,0.04933,2.63,88360,4359,431474,2059761,23.31
TN,f,2010-2017,65-69,0.01481,0.07155,2.65,84001,6010,405899,1628287,19.38
TN,f,2010-2017,70-74,0.02308,0.10945,2.65,77991,8536,369865,1222388,15.67
TN,f,2010-2017,75-79,0.03685,0.16944,2.62,69454,11769,319322,852524,12.27
TN,f,2010-2017,80-84,0.05981,0.26138,2.59,57686,15078,252099,533202,9.24
TN,f,2010-2017,85-89,0.10666,0.42147,2.51,42608,17958,168371,281103,6.60
TN,f,2010-2017,90-94,0.18344,0.61567,2.33,24650,15176,82729,112731,4.57
TN,f,2010-2017,95-99,0.29316,0.78963,2.08,9474,7481,25517,30002,3.17
TN,f,2010-2017,100-104,0.43302,0.90384,1.78,1993,1801,4160,4485,2.25
TN,f,2010-2017,105-109,0.58517,0.95907,1.5,192,184,314,325,1.70
TN,f,2010-2017,110+,0.70543,1.00000,1.42,8,8,11,11,1.42
