PopName,Sex,Year,Age,mx,qx,ax,lx,dx,Lx,Tx,ex
OH,f,1960-1969,0,0.01914,0.01881,0.11,100000,1881,98319,7381606,73.82
OH,f,1960-1969,1-4,0.00073,0.00292,1.64,98119,287,391798,7283287,74.23
OH,f,1960-1969,5-9,0.00034,0.00167,2.21,97832,164,488704,6891489,70.44
OH,f,1960-1969,10-14,0.00029,0.00144,2.53,97668,141,487993,6402785,65.56
OH,f,1960-1969,15-19,0.00052,0.00258,2.78,97527,252,487077,5914791,60.65
OH,f,1960-1969,20-24,0.00064,0.00321,2.54,97275,312,485609,5427715,55.80
OH,f,1960-1969,25-29,0.00080,0.00400,2.58,96963,388,483877,4942106,50.97
OH,f,1960-1969,30-34,0.00110,0.00551,2.66,96575,532,481632,4458229,46.16
OH,f,1960-1969,35-39,0.00173,0.00861,2.69,96043,826,478304,3976597,41.40
OH,f,1960-1969,40-44,0.00267,0.01325,2.67,95217,1261,473138,3498293,36.74
OH,f,1960-1969,45-49,0.00415,0.02055,2.68,93955,1931,465296,3025155,32.20
OH,f,1960-1969,50-54,0.00634,0.03124,2.65,92025,2874,453378,2559860,27.82
OH,f,1960-1969,55-59,0.00947,0.04632,2.65,89150,4129,436060,2106482,23.63
OH,f,1960-1969,60-64,0.01445,0.06989,2.64,85021,5942,411076,1670422,19.65
OH,f,1960-1969,65-69,0.02272,0.10782,2.64,79079,8526,375271,1259346,15.93
OH,f,1960-1969,70-74,0.03668,0.16874,2.63,70553,11905,324603,884075,12.53
OH,f,1960-1969,75-79,0.06056,0.26416,2.59,58648,15493,255825,559473,9.54
OH,f,1960-1969,80-84,0.10010,0.40094,2.52,43155,17303,172859,303648,7.04
OH,f,1960-1969,85-89,0.16335,0.56928,2.34,25852,14717,90095,130788,5.06
OH,f,1960-1969,90-94,0.24851,0.72910,2.17,11135,8119,32669,40694,3.65
OH,f,1960-1969,95-99,0.36069,0.85339,1.91,3017,2574,7137,8025,2.66
OH,f,1960-1969,100-104,0.49031,0.92876,1.66,442,411,838,888,2.01
OH,f,1960-1969,105-109,0.62211,0.96587,1.43,32,30,49,50,1.60
OH,f,1960-1969,110+,0.72365,1.00000,1.38,1,1,1,1,1.38
OH,f,1970-1979,0,0.01423,0.01405,0.09,100000,1405,98725,7568683,75.69
OH,f,1970-1979,1-4,0.00060,0.00238,1.66,98595,235,393831,7469958,75.76
OH,f,1970-1979,5-9,0.00030,0.00150,2.28,98360,147,491399,7076127,71.94
OH,f,1970-1979,10-14,0.00025,0.00127,2.59,98213,125,490761,6584728,67.05
OH,f,1970-1979,15-19,0.00053,0.00263,2.7,98088,258,489845,6093966,62.13
OH,f,1970-1979,20-24,0.00063,0.00317,2.51,97830,310,488375,5604122,57.28
OH,f,1970-1979,25-29,0.00072,0.00357,2.57,97520,349,486752,5115746,52.46
OH,f,1970-1979,30-34,0.00095,0.00472,2.67,97171,458,484787,4628994,47.64
OH,f,1970-1979,35-39,0.00146,0.00726,2.69,96713,702,481942,4144208,42.85
OH,f,1970-1979,40-44,0.00237,0.01178,2.68,96011,1131,477428,3662266,38.14
OH,f,1970-1979,45-49,0.00371,0.01839,2.64,94880,1745,470275,3184838,33.57
OH,f,1970-1979,50-54,0.00573,0.02829,2.67,93135,2635,459523,2714563,29.15
OH,f,1970-1979,55-59,0.00859,0.04211,2.66,90500,3811,443564,2255040,24.92
OH,f,1970-1979,60-64,0.01317,0.06386,2.64,86688,5536,420392,1811476,20.90
OH,f,1970-1979,65-69,0.02005,0.09574,2.64,81152,7769,387458,1391084,17.14
OH,f,1970-1979,70-74,0.03115,0.14503,2.62,73383,10643,341624,1003626,13.68
OH,f,1970-1979,75-79,0.05148,0.22904,2.6,62740,14370,279144,662002,10.55
OH,f,1970-1979,80-84,0.08331,0.34585,2.55,48370,16729,200799,382858,7.92
OH,f,1970-1979,85-89,0.13625,0.50347,2.41,31642,15931,116920,182059,5.75
OH,f,1970-1979,90-94,0.21252,0.66900,2.23,15711,10511,49456,65139,4.15
OH,f,1970-1979,95-99,0.31268,0.80866,2.02,5200,4205,13449,15683,3.02
OH,f,1970-1979,100-104,0.43527,0.90300,1.76,995,899,2064,2233,2.24
OH,f,1970-1979,105-109,0.56677,0.95343,1.52,97,92,162,169,1.75
OH,f,1970-1979,110+,0.67213,1.00000,1.49,4,4,7,7,1.49
OH,f,1980-1989,0,0.00949,0.00941,0.08,100000,941,99134,7768953,77.69
OH,f,1980-1989,1-4,0.00045,0.00181,1.6,99059,179,395807,7669819,77.43
OH,f,1980-1989,5-9,0.00021,0.00107,2.41,98880,106,494126,7274013,73.56
OH,f,1980-1989,10-14,0.00019,0.00096,2.73,98774,95,493655,6779887,68.64
OH,f,1980-1989,15-19,0.00045,0.00225,2.71,98679,222,492887,6286231,63.70
OH,f,1980-1989,20-24,0.00053,0.00265,2.56,98457,260,491649,5793345,58.84
OH,f,1980-1989,25-29,0.00059,0.00294,2.56,98196,289,490276,5301696,53.99
OH,f,1980-1989,30-34,0.00077,0.00383,2.65,97907,375,488654,4811420,49.14
OH,f,1980-1989,35-39,0.00110,0.00547,2.67,97532,533,486415,4322766,44.32
OH,f,1980-1989,40-44,0.00173,0.00861,2.69,96999,835,483065,3836351,39.55
OH,f,1980-1989,45-49,0.00301,0.01495,2.74,96163,1438,477566,3353286,34.87
OH,f,1980-1989,50-54,0.00485,0.02397,2.69,94725,2270,468391,2875720,30.36
OH,f,1980-1989,55-59,0.00768,0.03770,2.66,92455,3486,454134,2407329,26.04
OH,f,1980-1989,60-64,0.01217,0.05916,2.65,88969,5263,432486,1953195,21.95
OH,f,1980-1989,65-69,0.01822,0.08730,2.62,83706,7308,401172,1520709,18.17
OH,f,1980-1989,70-74,0.02809,0.13162,2.62,76399,10056,358030,1119537,14.65
OH,f,1980-1989,75-79,0.04318,0.19563,2.6,66343,12979,300536,761507,11.48
OH,f,1980-1989,80-84,0.07180,0.30549,2.56,53364,16302,227043,460970,8.64
OH,f,1980-1989,85-89,0.11857,0.45544,2.46,37062,16880,142356,233927,6.31
OH,f,1980-1989,90-94,0.18855,0.62467,2.3,20183,12607,66866,91571,4.54
OH,f,1980-1989,95-99,0.28498,0.77750,2.08,7575,5890,20667,24705,3.26
OH,f,1980-1989,100-104,0.40526,0.88561,1.82,1685,1493,3683,4038,2.40
OH,f,1980-1989,105-109,0.53832,0.94556,1.57,193,182,339,355,1.84
OH,f,1980-1989,110+,0.64693,1.00000,1.55,10,10,16,16,1.55
OH,f,1990-1999,0,0.00795,0.00789,0.08,100000,789,99270,7865241,78.65
OH,f,1990-1999,1-4,0.00036,0.00143,1.62,99211,142,396505,7765971,78.28
OH,f,1990-1999,5-9,0.00016,0.00080,2.38,99069,79,495137,7369466,74.39
OH,f,1990-1999,10-14,0.00017,0.00087,2.8,98990,86,494759,6874329,69.44
OH,f,1990-1999,15-19,0.00039,0.00193,2.69,98904,191,494076,6379570,64.50
OH,f,1990-1999,20-24,0.00042,0.00211,2.52,98712,208,493047,5885493,59.62
OH,f,1990-1999,25-29,0.00054,0.00271,2.62,98505,267,491887,5392446,54.74
OH,f,1990-1999,30-34,0.00071,0.00353,2.62,98238,347,490363,4900559,49.88
OH,f,1990-1999,35-39,0.00104,0.00517,2.67,97891,506,488276,4410196,45.05
OH,f,1990-1999,40-44,0.00160,0.00796,2.67,97385,775,485118,3921920,40.27
OH,f,1990-1999,45-49,0.00255,0.01266,2.69,96610,1223,480220,3436802,35.57
OH,f,1990-1999,50-54,0.00414,0.02053,2.7,95387,1958,472438,2956583,31.00
OH,f,1990-1999,55-59,0.00680,0.03349,2.68,93429,3129,459875,2484145,26.59
OH,f,1990-1999,60-64,0.01101,0.05365,2.66,90299,4844,440163,2024270,22.42
OH,f,1990-1999,65-69,0.01728,0.08302,2.64,85455,7095,410508,1584106,18.54
OH,f,1990-1999,70-74,0.02670,0.12551,2.62,78361,9835,368384,1173599,14.98
OH,f,1990-1999,75-79,0.04076,0.18569,2.61,68526,12725,312161,805215,11.75
OH,f,1990-1999,80-84,0.06789,0.29109,2.55,55801,16243,239273,493054,8.84
OH,f,1990-1999,85-89,0.11336,0.44087,2.48,39558,17440,153843,253781,6.42
OH,f,1990-1999,90-94,0.18880,0.62626,2.31,22118,13852,73368,99939,4.52
OH,f,1990-1999,95-99,0.28918,0.78344,2.08,8266,6476,22394,26571,3.21
OH,f,1990-1999,100-104,0.41686,0.89347,1.8,1790,1599,3837,4176,2.33
OH,f,1990-1999,105-109,0.55715,0.95141,1.54,191,181,326,339,1.78
OH,f,1990-1999,110+,0.67040,1.00000,1.49,9,9,14,14,1.49
OH,f,2000-2009,0,0.00703,0.00699,0.07,100000,699,99352,7930454,79.30
OH,f,2000-2009,1-4,0.00026,0.00106,1.51,99301,105,396943,7831102,78.86
OH,f,2000-2009,5-9,0.00012,0.00058,2.48,99196,58,495836,7434159,74.94
OH,f,2000-2009,10-14,0.00014,0.00070,2.72,99138,70,495534,6938324,69.99
OH,f,2000-2009,15-19,0.00033,0.00163,2.74,99069,162,494979,6442790,65.03
OH,f,2000-2009,20-24,0.00045,0.00223,2.58,98907,220,494003,5947811,60.14
OH,f,2000-2009,25-29,0.00055,0.00276,2.63,98687,272,492790,5453808,55.26
OH,f,2000-2009,30-34,0.00077,0.00385,2.6,98415,379,491164,4961018,50.41
OH,f,2000-2009,35-39,0.00109,0.00543,2.7,98036,533,488955,4469854,45.59
OH,f,2000-2009,40-44,0.00179,0.00890,2.69,97503,868,485511,3980899,40.83
OH,f,2000-2009,45-49,0.00275,0.01368,2.67,96635,1322,480092,3495388,36.17
OH,f,2000-2009,50-54,0.00404,0.02002,2.66,95314,1908,472108,3015296,31.64
OH,f,2000-2009,55-59,0.00608,0.02996,2.67,93405,2799,460506,2543188,27.23
OH,f,2000-2009,60-64,0.00966,0.04723,2.67,90606,4279,443062,2082682,22.99
OH,f,2000-2009,65-69,0.01537,0.07416,2.64,86327,6402,416524,1639620,18.99
OH,f,2000-2009,70-74,0.02424,0.11460,2.63,79925,9159,377907,1223097,15.30
OH,f,2000-2009,75-79,0.03836,0.17571,2.62,70766,12434,324179,845189,11.94
OH,f,2000-2009,80-84,0.06441,0.27874,2.59,58332,16259,252424,521010,8.93
OH,f,2000-2009,85-89,0.11235,0.43856,2.5,42072,18451,164232,268586,6.38
OH,f,2000-2009,90-94,0.19230,0.63461,2.32,23621,14990,77953,104354,4.42
OH,f,2000-2009,95-99,0.30560,0.80360,2.05,8631,6936,22695,26401,3.06
OH,f,2000-2009,100-104,0.44695,0.91101,1.75,1695,1544,3455,3706,2.19
OH,f,2000-2009,105-109,0.59831,0.96193,1.47,151,145,243,251,1.66
OH,f,2000-2009,110+,0.71663,1.00000,1.4,6,6,8,8,1.40
OH,f,2010-2017,0,0.00670,0.00666,0.07,100000,666,99382,7979181,79.79
OH,f,2010-2017,1-4,0.00025,0.00099,1.64,99334,99,397104,7879799,79.33
OH,f,2010-2017,5-9,0.00011,0.00053,2.34,99236,53,496036,7482695,75.40
OH,f,2010-2017,10-14,0.00012,0.00062,2.63,99182,61,495766,6986659,70.44
OH,f,2010-2017,15-19,0.00030,0.00148,2.86,99121,147,495291,6490893,65.48
OH,f,2010-2017,20-24,0.00056,0.00279,2.61,98974,276,494209,5995602,60.58
OH,f,2010-2017,25-29,0.00077,0.00387,2.67,98698,382,492600,5501393,55.74
OH,f,2010-2017,30-34,0.00107,0.00533,2.6,98316,524,490324,5008793,50.95
OH,f,2010-2017,35-39,0.00136,0.00677,2.58,97792,662,487356,4518469,46.20
OH,f,2010-2017,40-44,0.00192,0.00957,2.63,97130,929,483450,4031113,41.50
OH,f,2010-2017,45-49,0.00288,0.01430,2.68,96201,1375,477812,3547663,36.88
OH,f,2010-2017,50-54,0.00440,0.02175,2.66,94826,2063,469307,3069851,32.37
OH,f,2010-2017,55-59,0.00623,0.03071,2.61,92763,2848,457004,2600544,28.03
OH,f,2010-2017,60-64,0.00899,0.04402,2.64,89915,3958,440233,2143539,23.84
OH,f,2010-2017,65-69,0.01365,0.06612,2.66,85956,5683,416459,1703306,19.82
OH,f,2010-2017,70-74,0.02178,0.10360,2.65,80273,8317,381801,1286847,16.03
OH,f,2010-2017,75-79,0.03455,0.15966,2.63,71956,11488,332555,905046,12.58
OH,f,2010-2017,80-84,0.05761,0.25308,2.6,60468,15303,265629,572491,9.47
OH,f,2010-2017,85-89,0.10077,0.40363,2.54,45165,18230,180903,306861,6.79
OH,f,2010-2017,90-94,0.17755,0.60477,2.36,26935,16289,91743,125959,4.68
OH,f,2010-2017,95-99,0.28776,0.78353,2.09,10645,8341,28986,34216,3.21
OH,f,2010-2017,100-104,0.42891,0.90182,1.79,2304,2078,4845,5230,2.27
OH,f,2010-2017,105-109,0.58337,0.95877,1.5,226,217,372,385,1.70
OH,f,2010-2017,110+,0.70564,1.00000,1.42,9,9,13,13,1.42
