PopName,Sex,Year,Age,mx,qx,ax,lx,dx,Lx,Tx,ex
Reg1,f,1960-1969,0,0.01979,0.01945,0.11,100000,1945,98266,7359299,73.59
Reg1,f,1960-1969,1-4,0.00074,0.00294,1.63,98055,288,391538,7261033,74.05
Reg1,f,1960-1969,5-9,0.00034,0.00169,2.28,97767,165,488385,6869495,70.26
Reg1,f,1960-1969,10-14,0.00027,0.00133,2.6,97602,129,487698,6381110,65.38
Reg1,f,1960-1969,15-19,0.00046,0.00228,2.69,97472,222,486849,5893412,60.46
Reg1,f,1960-1969,20-24,0.00062,0.00308,2.58,97250,299,485525,5406563,55.59
Reg1,f,1960-1969,25-29,0.00080,0.00398,2.62,96951,385,483835,4921038,50.76
Reg1,f,1960-1969,30-34,0.00114,0.00570,2.64,96565,551,481525,4437203,45.95
Reg1,f,1960-1969,35-39,0.00173,0.00860,2.67,96015,825,478152,3955678,41.20
Reg1,f,1960-1969,40-44,0.00266,0.01320,2.66,95189,1257,473007,3477526,36.53
Reg1,f,1960-1969,45-49,0.00420,0.02079,2.67,93933,1953,465105,3004519,31.99
Reg1,f,1960-1969,50-54,0.00643,0.03166,2.64,91980,2912,453024,2539414,27.61
Reg1,f,1960-1969,55-59,0.00956,0.04674,2.65,89068,4163,435544,2086391,23.42
Reg1,f,1960-1969,60-64,0.01472,0.07113,2.64,84905,6039,410299,1650847,19.44
Reg1,f,1960-1969,65-69,0.02361,0.11180,2.63,78866,8817,373432,1240548,15.73
Reg1,f,1960-1969,70-74,0.03860,0.17676,2.62,70048,12382,320759,867117,12.38
Reg1,f,1960-1969,75-79,0.06226,0.27018,2.55,57667,15580,250230,546358,9.47
Reg1,f,1960-1969,80-84,0.10164,0.40479,2.49,42086,17036,167619,296128,7.04
Reg1,f,1960-1969,85-89,0.16159,0.56484,2.34,25050,14149,87561,128510,5.13
Reg1,f,1960-1969,90-94,0.24120,0.71609,2.16,10901,7806,32363,40948,3.76
Reg1,f,1960-1969,95-99,0.34462,0.83888,1.94,3095,2596,7534,8586,2.77
Reg1,f,1960-1969,100-104,0.46542,0.91750,1.7,499,458,983,1052,2.11
Reg1,f,1960-1969,105-109,0.59100,0.95903,1.48,41,39,67,69,1.68
Reg1,f,1960-1969,110+,0.69005,1.00000,1.45,2,2,2,2,1.45
Reg1,f,1970-1979,0,0.01398,0.01381,0.09,100000,1381,98747,7600080,76.00
Reg1,f,1970-1979,1-4,0.00055,0.00221,1.65,98619,218,393967,7501333,76.06
Reg1,f,1970-1979,5-9,0.00028,0.00141,2.29,98402,138,491634,7107366,72.23
Reg1,f,1970-1979,10-14,0.00024,0.00120,2.69,98263,118,491044,6615732,67.33
Reg1,f,1970-1979,15-19,0.00048,0.00238,2.72,98145,234,490195,6124688,62.40
Reg1,f,1970-1979,20-24,0.00059,0.00296,2.52,97911,290,488841,5634493,57.55
Reg1,f,1970-1979,25-29,0.00070,0.00347,2.58,97622,339,487289,5145653,52.71
Reg1,f,1970-1979,30-34,0.00092,0.00459,2.66,97283,447,485371,4658363,47.88
Reg1,f,1970-1979,35-39,0.00142,0.00708,2.67,96836,685,482586,4172993,43.09
Reg1,f,1970-1979,40-44,0.00231,0.01151,2.69,96151,1107,478199,3690406,38.38
Reg1,f,1970-1979,45-49,0.00368,0.01822,2.67,95045,1732,471185,3212208,33.80
Reg1,f,1970-1979,50-54,0.00547,0.02699,2.66,93313,2519,460659,2741023,29.37
Reg1,f,1970-1979,55-59,0.00828,0.04060,2.65,90794,3686,445302,2280364,25.12
Reg1,f,1970-1979,60-64,0.01269,0.06158,2.64,87108,5364,422859,1835062,21.07
Reg1,f,1970-1979,65-69,0.01927,0.09213,2.63,81744,7531,390841,1412202,17.28
Reg1,f,1970-1979,70-74,0.03091,0.14401,2.63,74212,10687,345760,1021361,13.76
Reg1,f,1970-1979,75-79,0.05077,0.22619,2.59,63525,14369,282998,675601,10.64
Reg1,f,1970-1979,80-84,0.08330,0.34548,2.53,49157,16983,203874,392603,7.99
Reg1,f,1970-1979,85-89,0.13366,0.49602,2.4,32174,15959,119400,188729,5.87
Reg1,f,1970-1979,90-94,0.20519,0.65592,2.25,16215,10636,51833,69329,4.28
Reg1,f,1970-1979,95-99,0.29930,0.79342,2.04,5579,4427,14790,17496,3.14
Reg1,f,1970-1979,100-104,0.41487,0.89081,1.8,1153,1027,2475,2705,2.35
Reg1,f,1970-1979,105-109,0.54087,0.94585,1.56,126,119,220,231,1.83
Reg1,f,1970-1979,110+,0.64335,1.00000,1.55,7,7,11,11,1.55
Reg1,f,1980-1989,0,0.00970,0.00961,0.08,100000,961,99116,7793305,77.93
Reg1,f,1980-1989,1-4,0.00042,0.00167,1.62,99039,165,395762,7694190,77.69
Reg1,f,1980-1989,5-9,0.00019,0.00096,2.31,98873,95,494110,7298428,73.82
Reg1,f,1980-1989,10-14,0.00019,0.00094,2.69,98778,93,493675,6804318,68.88
Reg1,f,1980-1989,15-19,0.00038,0.00191,2.71,98685,189,492992,6310643,63.95
Reg1,f,1980-1989,20-24,0.00049,0.00243,2.58,98496,240,491902,5817650,59.06
Reg1,f,1980-1989,25-29,0.00062,0.00308,2.6,98257,303,490557,5325749,54.20
Reg1,f,1980-1989,30-34,0.00085,0.00422,2.63,97954,414,488789,4835192,49.36
Reg1,f,1980-1989,35-39,0.00116,0.00577,2.63,97541,563,486369,4346403,44.56
Reg1,f,1980-1989,40-44,0.00176,0.00876,2.67,96978,849,482910,3860034,39.80
Reg1,f,1980-1989,45-49,0.00290,0.01438,2.68,96128,1383,477435,3377125,35.13
Reg1,f,1980-1989,50-54,0.00471,0.02330,2.66,94746,2208,468565,2899690,30.60
Reg1,f,1980-1989,55-59,0.00726,0.03569,2.67,92538,3303,454989,2431125,26.27
Reg1,f,1980-1989,60-64,0.01140,0.05550,2.65,89235,4953,434550,1976136,22.15
Reg1,f,1980-1989,65-69,0.01742,0.08363,2.63,84282,7049,404718,1541586,18.29
Reg1,f,1980-1989,70-74,0.02714,0.12747,2.62,77234,9845,362742,1136868,14.72
Reg1,f,1980-1989,75-79,0.04222,0.19168,2.6,67388,12917,305924,774126,11.49
Reg1,f,1980-1989,80-84,0.07240,0.30774,2.56,54472,16763,231523,468202,8.60
Reg1,f,1980-1989,85-89,0.11947,0.45792,2.45,37709,17268,144534,236679,6.28
Reg1,f,1980-1989,90-94,0.19028,0.62795,2.29,20441,12836,67458,92145,4.51
Reg1,f,1980-1989,95-99,0.28656,0.77942,2.07,7605,5927,20685,24688,3.25
Reg1,f,1980-1989,100-104,0.40704,0.88673,1.82,1678,1487,3654,4003,2.39
Reg1,f,1980-1989,105-109,0.54007,0.94608,1.57,190,180,333,349,1.83
Reg1,f,1980-1989,110+,0.64854,1.00000,1.54,10,10,16,16,1.54
Reg1,f,1990-1999,0,0.00714,0.00709,0.07,100000,709,99343,7930041,79.30
Reg1,f,1990-1999,1-4,0.00031,0.00124,1.6,99291,123,396868,7830698,78.87
Reg1,f,1990-1999,5-9,0.00015,0.00073,2.4,99168,73,495650,7433830,74.96
Reg1,f,1990-1999,10-14,0.00015,0.00073,2.76,99095,73,495313,6938180,70.02
Reg1,f,1990-1999,15-19,0.00033,0.00165,2.66,99023,164,494730,6442867,65.06
Reg1,f,1990-1999,20-24,0.00042,0.00209,2.6,98859,207,493798,5948137,60.17
Reg1,f,1990-1999,25-29,0.00057,0.00285,2.67,98652,281,492602,5454340,55.29
Reg1,f,1990-1999,30-34,0.00087,0.00435,2.65,98371,428,490846,4961738,50.44
Reg1,f,1990-1999,35-39,0.00123,0.00615,2.63,97943,602,488287,4470892,45.65
Reg1,f,1990-1999,40-44,0.00171,0.00849,2.62,97341,827,484739,3982604,40.91
Reg1,f,1990-1999,45-49,0.00251,0.01247,2.66,96514,1204,479757,3497865,36.24
Reg1,f,1990-1999,50-54,0.00393,0.01950,2.67,95310,1858,472227,3018108,31.67
Reg1,f,1990-1999,55-59,0.00631,0.03109,2.67,93452,2905,460502,2545881,27.24
Reg1,f,1990-1999,60-64,0.00997,0.04872,2.65,90547,4412,442365,2085379,23.03
Reg1,f,1990-1999,65-69,0.01555,0.07499,2.64,86135,6459,415418,1643014,19.07
Reg1,f,1990-1999,70-74,0.02415,0.11421,2.63,79676,9100,376804,1227596,15.41
Reg1,f,1990-1999,75-79,0.03789,0.17372,2.61,70576,12261,323616,850792,12.05
Reg1,f,1990-1999,80-84,0.06499,0.28073,2.58,58316,16371,251892,527176,9.04
Reg1,f,1990-1999,85-89,0.10932,0.42891,2.49,41944,17991,164572,275284,6.56
Reg1,f,1990-1999,90-94,0.18277,0.61451,2.33,23954,14720,80536,110712,4.62
Reg1,f,1990-1999,95-99,0.28337,0.77658,2.09,9234,7171,25306,30176,3.27
Reg1,f,1990-1999,100-104,0.41145,0.89036,1.81,2063,1837,4464,4870,2.36
Reg1,f,1990-1999,105-109,0.55311,0.95039,1.55,226,215,389,405,1.79
Reg1,f,1990-1999,110+,0.66783,1.00000,1.5,11,11,17,17,1.50
Reg1,f,2000-2009,0,0.00556,0.00553,0.07,100000,553,99485,8083241,80.83
Reg1,f,2000-2009,1-4,0.00020,0.00081,1.66,99447,80,397600,7983756,80.28
Reg1,f,2000-2009,5-9,0.00010,0.00052,2.43,99367,51,496702,7586156,76.34
Reg1,f,2000-2009,10-14,0.00012,0.00059,2.65,99316,58,496441,7089454,71.38
Reg1,f,2000-2009,15-19,0.00027,0.00136,2.82,99257,135,495992,6593013,66.42
Reg1,f,2000-2009,20-24,0.00040,0.00199,2.57,99122,198,495130,6097021,61.51
Reg1,f,2000-2009,25-29,0.00046,0.00229,2.57,98925,227,494072,5601890,56.63
Reg1,f,2000-2009,30-34,0.00062,0.00308,2.65,98698,304,492774,5107818,51.75
Reg1,f,2000-2009,35-39,0.00097,0.00484,2.69,98394,476,490869,4615044,46.90
Reg1,f,2000-2009,40-44,0.00152,0.00755,2.67,97918,739,487867,4124175,42.12
Reg1,f,2000-2009,45-49,0.00231,0.01150,2.66,97179,1117,483273,3636308,37.42
Reg1,f,2000-2009,50-54,0.00339,0.01679,2.65,96061,1613,476516,3153035,32.82
Reg1,f,2000-2009,55-59,0.00513,0.02536,2.67,94448,2395,466652,2676519,28.34
Reg1,f,2000-2009,60-64,0.00822,0.04034,2.67,92053,3714,451597,2209867,24.01
Reg1,f,2000-2009,65-69,0.01288,0.06252,2.66,88339,5523,428760,1758270,19.90
Reg1,f,2000-2009,70-74,0.02057,0.09810,2.65,82817,8124,394958,1329509,16.05
Reg1,f,2000-2009,75-79,0.03346,0.15502,2.63,74692,11579,345996,934551,12.51
Reg1,f,2000-2009,80-84,0.05873,0.25752,2.61,63114,16253,276714,588555,9.33
Reg1,f,2000-2009,85-89,0.10484,0.41612,2.52,46861,19500,185989,311841,6.65
Reg1,f,2000-2009,90-94,0.18165,0.61271,2.34,27361,16764,92288,125853,4.60
Reg1,f,2000-2009,95-99,0.29292,0.78958,2.08,10597,8367,28563,33565,3.17
Reg1,f,2000-2009,100-104,0.43450,0.90481,1.78,2230,2017,4643,5001,2.24
Reg1,f,2000-2009,105-109,0.58843,0.95990,1.49,212,204,346,358,1.69
Reg1,f,2000-2009,110+,0.70975,1.00000,1.41,9,9,12,12,1.41
Reg1,f,2010-2017,0,0.00467,0.00465,0.07,100000,465,99566,8232064,82.32
Reg1,f,2010-2017,1-4,0.00017,0.00069,1.64,99535,69,397978,8132498,81.70
Reg1,f,2010-2017,5-9,0.00009,0.00043,2.43,99466,43,497222,7734520,77.76
Reg1,f,2010-2017,10-14,0.00009,0.00047,2.76,99424,47,497012,7237298,72.79
Reg1,f,2010-2017,15-19,0.00021,0.00103,2.85,99376,103,496662,6740285,67.83
Reg1,f,2010-2017,20-24,0.00041,0.00204,2.65,99274,203,495893,6243623,62.89
Reg1,f,2010-2017,25-29,0.00054,0.00268,2.59,99071,266,494715,5747731,58.02
Reg1,f,2010-2017,30-34,0.00069,0.00344,2.6,98805,340,493210,5253016,53.17
Reg1,f,2010-2017,35-39,0.00090,0.00451,2.61,98466,444,491267,4759806,48.34
Reg1,f,2010-2017,40-44,0.00132,0.00656,2.66,98021,643,488605,4268539,43.55
Reg1,f,2010-2017,45-49,0.00205,0.01022,2.67,97378,995,484578,3779934,38.82
Reg1,f,2010-2017,50-54,0.00316,0.01570,2.64,96384,1513,478349,3295356,34.19
Reg1,f,2010-2017,55-59,0.00466,0.02305,2.64,94871,2187,469189,2817007,29.69
Reg1,f,2010-2017,60-64,0.00686,0.03375,2.66,92684,3128,456102,2347818,25.33
Reg1,f,2010-2017,65-69,0.01077,0.05255,2.67,89556,4706,436804,1891716,21.12
Reg1,f,2010-2017,70-74,0.01744,0.08378,2.65,84850,7109,407578,1454912,17.15
Reg1,f,2010-2017,75-79,0.02863,0.13415,2.65,77741,10429,364219,1047334,13.47
Reg1,f,2010-2017,80-84,0.04931,0.22076,2.63,67312,14860,301345,683115,10.15
Reg1,f,2010-2017,85-89,0.08898,0.36583,2.57,52452,19188,215638,381770,7.28
Reg1,f,2010-2017,90-94,0.16149,0.56860,2.4,33264,18914,117119,166131,4.99
Reg1,f,2010-2017,95-99,0.26681,0.75735,2.15,14350,10868,40734,49013,3.42
Reg1,f,2010-2017,100-104,0.40732,0.88956,1.83,3482,3097,7604,8279,2.38
Reg1,f,2010-2017,105-109,0.56529,0.95460,1.53,385,367,649,675,1.75
Reg1,f,2010-2017,110+,0.69233,1.00000,1.44,17,17,25,25,1.44
