PopName,Sex,Year,Age,mx,qx,ax,lx,dx,Lx,Tx,ex
MN,m,1960-1969,0,0.02307,0.02261,0.11,100000,2261,97981,6903559,69.04
MN,m,1960-1969,1-4,0.00090,0.00359,1.66,97739,351,390136,6805578,69.63
MN,m,1960-1969,5-9,0.00048,0.00239,2.39,97388,233,486333,6415443,65.88
MN,m,1960-1969,10-14,0.00053,0.00263,2.73,97156,255,485200,5929109,61.03
MN,m,1960-1969,15-19,0.00140,0.00698,2.87,96900,677,483061,5443910,56.18
MN,m,1960-1969,20-24,0.00172,0.00856,2.44,96224,823,479010,4960848,51.56
MN,m,1960-1969,25-29,0.00146,0.00729,2.47,95400,695,475238,4481838,46.98
MN,m,1960-1969,30-34,0.00157,0.00782,2.6,94705,740,471746,4006600,42.31
MN,m,1960-1969,35-39,0.00223,0.01110,2.71,93965,1043,467432,3534854,37.62
MN,m,1960-1969,40-44,0.00352,0.01747,2.74,92922,1624,460942,3067422,33.01
MN,m,1960-1969,45-49,0.00583,0.02876,2.67,91298,2626,450359,2606480,28.55
MN,m,1960-1969,50-54,0.00990,0.04836,2.67,88672,4288,433350,2156121,24.32
MN,m,1960-1969,55-59,0.01560,0.07526,2.67,84384,6351,407124,1722771,20.42
MN,m,1960-1969,60-64,0.02361,0.11183,2.64,78033,8727,369609,1315647,16.86
MN,m,1960-1969,65-69,0.03516,0.16200,2.58,69306,11228,319320,946038,13.65
MN,m,1960-1969,70-74,0.05268,0.23351,2.57,58078,13562,257459,626718,10.79
MN,m,1960-1969,75-79,0.08038,0.33499,2.51,44517,14913,185522,369259,8.29
MN,m,1960-1969,80-84,0.12437,0.47139,2.43,29604,13955,112206,183737,6.21
MN,m,1960-1969,85-89,0.18890,0.62320,2.27,15649,9752,51627,71531,4.57
MN,m,1960-1969,90-94,0.27447,0.76410,2.1,5897,4506,16416,19904,3.38
MN,m,1960-1969,95-99,0.38596,0.87144,1.85,1391,1212,3141,3489,2.51
MN,m,1960-1969,100-104,0.50711,0.93437,1.62,179,167,329,348,1.95
MN,m,1960-1969,105-109,0.62819,0.96658,1.42,12,11,18,19,1.59
MN,m,1960-1969,110+,0.72143,1.00000,1.39,0,0,1,1,1.39
MN,m,1970-1979,0,0.01615,0.01591,0.09,100000,1591,98549,7078971,70.79
MN,m,1970-1979,1-4,0.00071,0.00283,1.66,98409,279,392983,6980421,70.93
MN,m,1970-1979,5-9,0.00042,0.00209,2.39,98130,206,490113,6587438,67.13
MN,m,1970-1979,10-14,0.00042,0.00210,2.81,97925,205,489174,6097324,62.27
MN,m,1970-1979,15-19,0.00145,0.00723,2.93,97719,706,487133,5608150,57.39
MN,m,1970-1979,20-24,0.00186,0.00927,2.38,97013,899,482708,5121017,52.79
MN,m,1970-1979,25-29,0.00134,0.00669,2.41,96114,643,478904,4638310,48.26
MN,m,1970-1979,30-34,0.00132,0.00658,2.56,95471,628,475823,4159405,43.57
MN,m,1970-1979,35-39,0.00180,0.00897,2.62,94843,851,472195,3683582,38.84
MN,m,1970-1979,40-44,0.00292,0.01450,2.69,93993,1362,466813,3211387,34.17
MN,m,1970-1979,45-49,0.00511,0.02526,2.65,92630,2340,457649,2744573,29.63
MN,m,1970-1979,50-54,0.00832,0.04083,2.69,90290,3687,442933,2286924,25.33
MN,m,1970-1979,55-59,0.01351,0.06550,2.67,86604,5672,419788,1843992,21.29
MN,m,1970-1979,60-64,0.02179,0.10368,2.66,80931,8391,385047,1424204,17.60
MN,m,1970-1979,65-69,0.03275,0.15179,2.6,72540,11011,336235,1039156,14.33
MN,m,1970-1979,70-74,0.04856,0.21722,2.58,61529,13365,275243,702922,11.42
MN,m,1970-1979,75-79,0.07405,0.31271,2.52,48164,15061,203404,427679,8.88
MN,m,1970-1979,80-84,0.11004,0.43004,2.46,33103,14236,129368,224275,6.78
MN,m,1970-1979,85-89,0.16612,0.57549,2.33,18867,10858,65363,94906,5.03
MN,m,1970-1979,90-94,0.24732,0.72495,2.15,8009,5806,23477,29544,3.69
MN,m,1970-1979,95-99,0.34789,0.84116,1.93,2203,1853,5326,6067,2.75
MN,m,1970-1979,100-104,0.46402,0.91641,1.7,350,321,691,741,2.12
MN,m,1970-1979,105-109,0.58469,0.95729,1.49,29,28,48,50,1.70
MN,m,1970-1979,110+,0.68028,1.00000,1.47,1,1,2,2,1.47
MN,m,1980-1989,0,0.01007,0.00998,0.07,100000,998,99074,7350365,73.50
MN,m,1980-1989,1-4,0.00050,0.00201,1.67,99002,199,395545,7251291,73.24
MN,m,1980-1989,5-9,0.00025,0.00127,2.42,98803,126,493691,6855746,69.39
MN,m,1980-1989,10-14,0.00031,0.00154,2.88,98677,152,493065,6362055,64.47
MN,m,1980-1989,15-19,0.00102,0.00509,2.96,98525,501,491602,5868990,59.57
MN,m,1980-1989,20-24,0.00133,0.00662,2.4,98024,649,488431,5377388,54.86
MN,m,1980-1989,25-29,0.00114,0.00571,2.52,97374,556,485493,4888957,50.21
MN,m,1980-1989,30-34,0.00115,0.00573,2.5,96819,555,482708,4403465,45.48
MN,m,1980-1989,35-39,0.00151,0.00752,2.62,96264,724,479595,3920757,40.73
MN,m,1980-1989,40-44,0.00215,0.01070,2.71,95540,1022,475356,3441162,36.02
MN,m,1980-1989,45-49,0.00365,0.01810,2.71,94518,1711,468668,2965805,31.38
MN,m,1980-1989,50-54,0.00638,0.03144,2.65,92807,2918,457167,2497138,26.91
MN,m,1980-1989,55-59,0.01062,0.05184,2.69,89889,4660,438664,2039971,22.69
MN,m,1980-1989,60-64,0.01736,0.08342,2.66,85229,7110,409484,1601307,18.79
MN,m,1980-1989,65-69,0.02746,0.12889,2.62,78119,10069,366670,1191823,15.26
MN,m,1980-1989,70-74,0.04316,0.19549,2.59,68050,13303,308235,825153,12.13
MN,m,1980-1989,75-79,0.06551,0.28220,2.55,54747,15450,235847,516918,9.44
MN,m,1980-1989,80-84,0.10078,0.40132,2.46,39298,15771,156486,281070,7.15
MN,m,1980-1989,85-89,0.15532,0.55134,2.37,23527,12971,83513,124584,5.30
MN,m,1980-1989,90-94,0.23107,0.70159,2.2,10556,7406,32049,41071,3.89
MN,m,1980-1989,95-99,0.33261,0.82751,1.96,3150,2607,7837,9022,2.86
MN,m,1980-1989,100-104,0.44917,0.90942,1.73,543,494,1100,1186,2.18
MN,m,1980-1989,105-109,0.57203,0.95429,1.51,49,47,82,85,1.74
MN,m,1980-1989,110+,0.67011,1.00000,1.49,2,2,3,3,1.49
MN,m,1990-1999,0,0.00773,0.00767,0.07,100000,767,99283,7528158,75.28
MN,m,1990-1999,1-4,0.00034,0.00137,1.62,99233,136,396608,7428875,74.86
MN,m,1990-1999,5-9,0.00019,0.00094,2.26,99097,93,495230,7032266,70.96
MN,m,1990-1999,10-14,0.00025,0.00126,2.92,99004,125,494760,6537036,66.03
MN,m,1990-1999,15-19,0.00084,0.00422,2.96,98879,417,493547,6042276,61.11
MN,m,1990-1999,20-24,0.00116,0.00579,2.46,98462,570,490866,5548729,56.35
MN,m,1990-1999,25-29,0.00104,0.00520,2.48,97892,509,488180,5057863,51.67
MN,m,1990-1999,30-34,0.00123,0.00615,2.55,97383,599,485447,4569683,46.92
MN,m,1990-1999,35-39,0.00161,0.00800,2.57,96784,774,482038,4084237,42.20
MN,m,1990-1999,40-44,0.00216,0.01074,2.64,96009,1031,477618,3602199,37.52
MN,m,1990-1999,45-49,0.00326,0.01619,2.69,94978,1538,471336,3124581,32.90
MN,m,1990-1999,50-54,0.00508,0.02511,2.68,93441,2346,461768,2653245,28.40
MN,m,1990-1999,55-59,0.00816,0.04006,2.71,91094,3649,447111,2191477,24.06
MN,m,1990-1999,60-64,0.01392,0.06740,2.68,87445,5894,423536,1744366,19.95
MN,m,1990-1999,65-69,0.02251,0.10691,2.66,81551,8719,387320,1320830,16.20
MN,m,1990-1999,70-74,0.03691,0.16960,2.61,72832,12353,334627,933509,12.82
MN,m,1990-1999,75-79,0.05723,0.25135,2.58,60480,15201,265640,598882,9.90
MN,m,1990-1999,80-84,0.09359,0.37948,2.51,45278,17182,183588,333242,7.36
MN,m,1990-1999,85-89,0.15105,0.54122,2.38,28096,15206,100666,149654,5.33
MN,m,1990-1999,90-94,0.23570,0.71075,2.21,12890,9161,38869,48988,3.80
MN,m,1990-1999,95-99,0.35238,0.84694,1.93,3728,3158,8961,10119,2.71
MN,m,1990-1999,100-104,0.48509,0.92697,1.67,571,529,1090,1157,2.03
MN,m,1990-1999,105-109,0.62087,0.96580,1.43,42,40,65,67,1.60
MN,m,1990-1999,110+,0.72543,1.00000,1.38,1,1,2,2,1.38
MN,m,2000-2009,0,0.00607,0.00603,0.06,100000,603,99434,7752154,77.52
MN,m,2000-2009,1-4,0.00027,0.00106,1.57,99397,106,397329,7652721,76.99
MN,m,2000-2009,5-9,0.00013,0.00063,2.25,99291,63,496281,7255392,73.07
MN,m,2000-2009,10-14,0.00019,0.00093,2.84,99228,92,495940,6759111,68.12
MN,m,2000-2009,15-19,0.00066,0.00330,2.92,99136,327,494997,6263171,63.18
MN,m,2000-2009,20-24,0.00107,0.00534,2.51,98808,527,492729,5768173,58.38
MN,m,2000-2009,25-29,0.00096,0.00478,2.53,98281,470,490243,5275445,53.68
MN,m,2000-2009,30-34,0.00102,0.00507,2.58,97811,496,487855,4785202,48.92
MN,m,2000-2009,35-39,0.00132,0.00660,2.57,97315,642,485020,4297347,44.16
MN,m,2000-2009,40-44,0.00195,0.00970,2.61,96673,938,481124,3812326,39.44
MN,m,2000-2009,45-49,0.00304,0.01507,2.68,95735,1443,475323,3331202,34.80
MN,m,2000-2009,50-54,0.00460,0.02274,2.66,94293,2145,466435,2855879,30.29
MN,m,2000-2009,55-59,0.00693,0.03412,2.67,92148,3144,453400,2389444,25.93
MN,m,2000-2009,60-64,0.01086,0.05295,2.67,89004,4713,434052,1936044,21.75
MN,m,2000-2009,65-69,0.01706,0.08204,2.65,84292,6915,405215,1501992,17.82
MN,m,2000-2009,70-74,0.02787,0.13080,2.65,77377,10121,363146,1096777,14.17
MN,m,2000-2009,75-79,0.04551,0.20520,2.61,67255,13801,303284,733631,10.91
MN,m,2000-2009,80-84,0.07626,0.32148,2.56,53455,17184,225331,430347,8.05
MN,m,2000-2009,85-89,0.13515,0.50289,2.46,36270,18240,134964,205016,5.65
MN,m,2000-2009,90-94,0.22697,0.69764,2.24,18030,12579,55420,70052,3.89
MN,m,2000-2009,95-99,0.35553,0.85179,1.94,5452,4644,13061,14631,2.68
MN,m,2000-2009,100-104,0.50699,0.93677,1.63,808,757,1493,1570,1.94
MN,m,2000-2009,105-109,0.65873,0.97295,1.38,51,50,75,77,1.51
MN,m,2000-2009,110+,0.77070,1.00000,1.3,1,1,2,2,1.30
MN,m,2010-2017,0,0.00541,0.00538,0.06,100000,538,99494,7868316,78.68
MN,m,2010-2017,1-4,0.00022,0.00090,1.66,99462,89,397638,7768822,78.11
MN,m,2010-2017,5-9,0.00012,0.00061,2.41,99372,61,496705,7371184,74.18
MN,m,2010-2017,10-14,0.00015,0.00077,2.84,99312,76,496393,6874479,69.22
MN,m,2010-2017,15-19,0.00056,0.00282,2.96,99235,279,495607,6378086,64.27
MN,m,2010-2017,20-24,0.00099,0.00492,2.62,98956,487,493619,5882479,59.45
MN,m,2010-2017,25-29,0.00105,0.00524,2.51,98468,516,491059,5388860,54.73
MN,m,2010-2017,30-34,0.00111,0.00554,2.53,97953,542,488425,4897801,50.00
MN,m,2010-2017,35-39,0.00135,0.00673,2.6,97410,656,485477,4409376,45.27
MN,m,2010-2017,40-44,0.00181,0.00902,2.61,96755,873,481689,3923899,40.56
MN,m,2010-2017,45-49,0.00284,0.01411,2.67,95882,1353,476262,3442210,35.90
MN,m,2010-2017,50-54,0.00450,0.02227,2.68,94530,2105,467764,2965948,31.38
MN,m,2010-2017,55-59,0.00666,0.03278,2.67,92424,3030,455052,2498183,27.03
MN,m,2010-2017,60-64,0.01009,0.04926,2.62,89395,4404,436495,2043132,22.86
MN,m,2010-2017,65-69,0.01469,0.07100,2.63,84991,6034,410653,1606637,18.90
MN,m,2010-2017,70-74,0.02374,0.11240,2.63,78957,8875,373778,1195983,15.15
MN,m,2010-2017,75-79,0.03892,0.17814,2.63,70082,12484,320812,822205,11.73
MN,m,2010-2017,80-84,0.06575,0.28373,2.59,57598,16342,248553,501393,8.71
MN,m,2010-2017,85-89,0.11740,0.45410,2.51,41255,18734,159579,252840,6.13
MN,m,2010-2017,90-94,0.20769,0.66485,2.29,22521,14973,72093,93262,4.14
MN,m,2010-2017,95-99,0.33746,0.83689,1.99,7548,6317,18719,21169,2.80
MN,m,2010-2017,100-104,0.49413,0.93259,1.66,1231,1148,2324,2450,1.99
MN,m,2010-2017,105-109,0.65363,0.97242,1.39,83,81,123,126,1.52
MN,m,2010-2017,110+,0.77142,1.00000,1.3,2,2,3,3,1.30
