PopName,Sex,Year,Age,mx,qx,ax,lx,dx,Lx,Tx,ex
IA,b,1960-1969,0,0.02027,0.01991,0.1,100000,1991,98217,7220760,72.21
IA,b,1960-1969,1-4,0.00082,0.00326,1.68,98009,319,391297,7122542,72.67
IA,b,1960-1969,5-9,0.00041,0.00205,2.41,97690,200,487931,6731246,68.90
IA,b,1960-1969,10-14,0.00041,0.00204,2.71,97490,199,486991,6243315,64.04
IA,b,1960-1969,15-19,0.00108,0.00541,2.88,97290,526,485336,5756324,59.17
IA,b,1960-1969,20-24,0.00126,0.00630,2.44,96764,610,482260,5270989,54.47
IA,b,1960-1969,25-29,0.00113,0.00563,2.43,96155,541,479383,4788729,49.80
IA,b,1960-1969,30-34,0.00127,0.00631,2.59,95614,603,476617,4309346,45.07
IA,b,1960-1969,35-39,0.00177,0.00879,2.65,95011,835,473089,3832729,40.34
IA,b,1960-1969,40-44,0.00278,0.01380,2.72,94175,1299,467916,3359640,35.67
IA,b,1960-1969,45-49,0.00456,0.02255,2.67,92876,2095,459493,2891724,31.14
IA,b,1960-1969,50-54,0.00726,0.03571,2.67,90781,3242,446352,2432231,26.79
IA,b,1960-1969,55-59,0.01140,0.05554,2.68,87540,4862,426397,1985878,22.69
IA,b,1960-1969,60-64,0.01728,0.08302,2.63,82677,6864,397147,1559481,18.86
IA,b,1960-1969,65-69,0.02624,0.12349,2.61,75814,9362,356723,1162335,15.33
IA,b,1960-1969,70-74,0.04071,0.18547,2.6,66452,12325,302716,805612,12.12
IA,b,1960-1969,75-79,0.06440,0.27812,2.55,54127,15054,233762,502895,9.29
IA,b,1960-1969,80-84,0.10352,0.41149,2.51,39073,16078,155310,269133,6.89
IA,b,1960-1969,85-89,0.16758,0.57994,2.35,22995,13336,79577,113823,4.95
IA,b,1960-1969,90-94,0.25702,0.74125,2.15,9659,7160,27857,34246,3.55
IA,b,1960-1969,95-99,0.37693,0.86636,1.88,2499,2165,5744,6389,2.56
IA,b,1960-1969,100-104,0.51094,0.93676,1.62,334,313,612,645,1.93
IA,b,1960-1969,105-109,0.64481,0.97007,1.4,21,20,32,33,1.54
IA,b,1960-1969,110+,0.74614,1.00000,1.34,1,1,1,1,1.34
IA,b,1970-1979,0,0.01460,0.01441,0.09,100000,1441,98687,7395723,73.96
IA,b,1970-1979,1-4,0.00065,0.00262,1.7,98559,258,393644,7297036,74.04
IA,b,1970-1979,5-9,0.00035,0.00174,2.39,98302,172,491059,6903393,70.23
IA,b,1970-1979,10-14,0.00037,0.00184,2.83,98130,181,490258,6412333,65.35
IA,b,1970-1979,15-19,0.00104,0.00518,2.83,97949,508,488648,5922076,60.46
IA,b,1970-1979,20-24,0.00124,0.00617,2.44,97442,601,485674,5433428,55.76
IA,b,1970-1979,25-29,0.00101,0.00502,2.48,96841,486,482979,4947754,51.09
IA,b,1970-1979,30-34,0.00114,0.00566,2.59,96355,545,480457,4464775,46.34
IA,b,1970-1979,35-39,0.00163,0.00814,2.64,95809,780,477201,3984318,41.59
IA,b,1970-1979,40-44,0.00245,0.01216,2.69,95029,1156,472476,3507117,36.91
IA,b,1970-1979,45-49,0.00411,0.02033,2.66,93874,1909,464910,3034641,32.33
IA,b,1970-1979,50-54,0.00635,0.03127,2.68,91965,2876,453144,2569732,27.94
IA,b,1970-1979,55-59,0.01018,0.04971,2.68,89089,4428,435152,2116587,23.76
IA,b,1970-1979,60-64,0.01582,0.07628,2.65,84661,6458,408117,1681435,19.86
IA,b,1970-1979,65-69,0.02429,0.11482,2.62,78203,8979,369616,1273318,16.28
IA,b,1970-1979,70-74,0.03650,0.16778,2.59,69224,11614,318185,903702,13.05
IA,b,1970-1979,75-79,0.05700,0.25038,2.57,57610,14425,253060,585517,10.16
IA,b,1970-1979,80-84,0.08894,0.36388,2.5,43185,15714,176682,332457,7.70
IA,b,1970-1979,85-89,0.13983,0.51230,2.39,27471,14073,100648,155775,5.67
IA,b,1970-1979,90-94,0.21493,0.67349,2.23,13398,9023,41983,55127,4.11
IA,b,1970-1979,95-99,0.31418,0.80991,2.01,4374,3543,11277,13145,3.00
IA,b,1970-1979,100-104,0.43486,0.90266,1.76,832,751,1726,1868,2.25
IA,b,1970-1979,105-109,0.56546,0.95308,1.52,81,77,136,142,1.76
IA,b,1970-1979,110+,0.67095,1.00000,1.49,4,4,6,6,1.49
IA,b,1980-1989,0,0.00935,0.00927,0.07,100000,927,99142,7648279,76.48
IA,b,1980-1989,1-4,0.00048,0.00190,1.63,99073,189,395843,7549138,76.20
IA,b,1980-1989,5-9,0.00023,0.00115,2.37,98884,114,494120,7153294,72.34
IA,b,1980-1989,10-14,0.00026,0.00131,2.76,98770,129,493560,6659174,67.42
IA,b,1980-1989,15-19,0.00082,0.00411,2.84,98641,405,492327,6165614,62.51
IA,b,1980-1989,20-24,0.00090,0.00449,2.45,98235,441,490053,5673287,57.75
IA,b,1980-1989,25-29,0.00088,0.00437,2.52,97794,427,487910,5183234,53.00
IA,b,1980-1989,30-34,0.00090,0.00448,2.57,97367,436,485774,4695325,48.22
IA,b,1980-1989,35-39,0.00125,0.00625,2.66,96931,606,483233,4209551,43.43
IA,b,1980-1989,40-44,0.00188,0.00934,2.66,96325,900,479518,3726317,38.68
IA,b,1980-1989,45-49,0.00312,0.01547,2.72,95425,1477,473760,3246799,34.02
IA,b,1980-1989,50-54,0.00515,0.02546,2.72,93949,2392,464295,2773039,29.52
IA,b,1980-1989,55-59,0.00859,0.04211,2.69,91556,3856,448858,2308744,25.22
IA,b,1980-1989,60-64,0.01350,0.06542,2.66,87701,5738,425053,1859886,21.21
IA,b,1980-1989,65-69,0.02057,0.09811,2.64,81963,8041,390841,1434833,17.51
IA,b,1980-1989,70-74,0.03178,0.14774,2.63,73922,10922,343681,1043992,14.12
IA,b,1980-1989,75-79,0.04799,0.21501,2.58,63001,13546,282272,700311,11.12
IA,b,1980-1989,80-84,0.07575,0.31890,2.52,49455,15771,208207,418039,8.45
IA,b,1980-1989,85-89,0.12081,0.46123,2.44,33684,15536,128597,209832,6.23
IA,b,1980-1989,90-94,0.19202,0.63117,2.29,18148,11454,59651,81235,4.48
IA,b,1980-1989,95-99,0.28855,0.78200,2.07,6693,5234,18140,21583,3.22
IA,b,1980-1989,100-104,0.41171,0.89003,1.81,1459,1299,3154,3444,2.36
IA,b,1980-1989,105-109,0.54935,0.94915,1.55,160,152,277,290,1.80
IA,b,1980-1989,110+,0.66220,1.00000,1.51,8,8,12,12,1.51
IA,b,1990-1999,0,0.00736,0.00731,0.07,100000,731,99319,7778084,77.78
IA,b,1990-1999,1-4,0.00037,0.00149,1.68,99269,148,396732,7678765,77.35
IA,b,1990-1999,5-9,0.00018,0.00092,2.38,99121,91,495367,7282032,73.47
IA,b,1990-1999,10-14,0.00022,0.00110,2.8,99030,109,494912,6786665,68.53
IA,b,1990-1999,15-19,0.00070,0.00350,2.76,98921,346,493830,6291752,63.60
IA,b,1990-1999,20-24,0.00081,0.00402,2.46,98575,397,491868,5797922,58.82
IA,b,1990-1999,25-29,0.00078,0.00389,2.5,98179,382,489937,5306054,54.04
IA,b,1990-1999,30-34,0.00099,0.00492,2.6,97796,481,487827,4816118,49.25
IA,b,1990-1999,35-39,0.00121,0.00606,2.62,97316,589,485173,4328291,44.48
IA,b,1990-1999,40-44,0.00175,0.00873,2.68,96726,845,481669,3843117,39.73
IA,b,1990-1999,45-49,0.00260,0.01294,2.65,95881,1240,476498,3361449,35.06
IA,b,1990-1999,50-54,0.00441,0.02182,2.67,94641,2065,468392,2884951,30.48
IA,b,1990-1999,55-59,0.00718,0.03531,2.69,92576,3269,455341,2416559,26.10
IA,b,1990-1999,60-64,0.01182,0.05752,2.65,89307,5137,434475,1961218,21.96
IA,b,1990-1999,65-69,0.01857,0.08898,2.65,84170,7490,403256,1526743,18.14
IA,b,1990-1999,70-74,0.02841,0.13303,2.61,76680,10200,359048,1123487,14.65
IA,b,1990-1999,75-79,0.04363,0.19739,2.59,66480,13122,300773,764439,11.50
IA,b,1990-1999,80-84,0.07217,0.30685,2.56,53358,16373,226855,463666,8.69
IA,b,1990-1999,85-89,0.11508,0.44552,2.47,36985,16478,143186,236811,6.40
IA,b,1990-1999,90-94,0.18569,0.61944,2.31,20507,12703,68412,93625,4.57
IA,b,1990-1999,95-99,0.28746,0.78125,2.08,7804,6097,21210,25212,3.23
IA,b,1990-1999,100-104,0.41454,0.89217,1.81,1707,1523,3674,4002,2.34
IA,b,1990-1999,105-109,0.55611,0.95127,1.54,184,175,315,328,1.78
IA,b,1990-1999,110+,0.67154,1.00000,1.49,9,9,13,13,1.49
IA,b,2000-2009,0,0.00545,0.00543,0.06,100000,543,99492,7898511,78.99
IA,b,2000-2009,1-4,0.00028,0.00112,1.53,99457,112,397553,7799019,78.42
IA,b,2000-2009,5-9,0.00015,0.00076,2.46,99345,76,496535,7401466,74.50
IA,b,2000-2009,10-14,0.00017,0.00083,2.71,99270,83,496160,6904931,69.56
IA,b,2000-2009,15-19,0.00055,0.00273,2.78,99187,271,495334,6408771,64.61
IA,b,2000-2009,20-24,0.00069,0.00346,2.57,98916,342,493748,5913438,59.78
IA,b,2000-2009,25-29,0.00076,0.00378,2.55,98574,373,491959,5419689,54.98
IA,b,2000-2009,30-34,0.00082,0.00411,2.6,98201,403,490039,4927731,50.18
IA,b,2000-2009,35-39,0.00121,0.00603,2.64,97798,590,487599,4437692,45.38
IA,b,2000-2009,40-44,0.00183,0.00910,2.69,97208,885,483998,3950092,40.64
IA,b,2000-2009,45-49,0.00278,0.01381,2.65,96323,1330,478495,3466094,35.98
IA,b,2000-2009,50-54,0.00421,0.02083,2.66,94993,1978,470339,2987600,31.45
IA,b,2000-2009,55-59,0.00637,0.03137,2.66,93014,2918,458249,2517261,27.06
IA,b,2000-2009,60-64,0.01019,0.04977,2.68,90096,4484,440076,2059012,22.85
IA,b,2000-2009,65-69,0.01597,0.07698,2.65,85613,6590,412602,1618936,18.91
IA,b,2000-2009,70-74,0.02470,0.11669,2.63,79022,9221,373265,1206334,15.27
IA,b,2000-2009,75-79,0.03869,0.17709,2.61,69801,12361,319495,833068,11.93
IA,b,2000-2009,80-84,0.06523,0.28168,2.58,57440,16180,248031,513574,8.94
IA,b,2000-2009,85-89,0.11204,0.43698,2.48,41260,18030,160927,265543,6.44
IA,b,2000-2009,90-94,0.18744,0.62379,2.32,23230,14491,77311,104615,4.50
IA,b,2000-2009,95-99,0.29780,0.79507,2.07,8739,6948,23332,27305,3.12
IA,b,2000-2009,100-104,0.43983,0.90767,1.77,1791,1626,3696,3972,2.22
IA,b,2000-2009,105-109,0.59472,0.96138,1.48,165,159,267,276,1.67
IA,b,2000-2009,110+,0.71694,1.00000,1.39,6,6,9,9,1.39
IA,b,2010-2017,0,0.00494,0.00492,0.06,100000,492,99539,7952076,79.52
IA,b,2010-2017,1-4,0.00025,0.00101,1.68,99508,101,397799,7852537,78.91
IA,b,2010-2017,5-9,0.00011,0.00055,2.2,99407,55,496885,7454738,74.99
IA,b,2010-2017,10-14,0.00016,0.00081,2.97,99353,80,496601,6957853,70.03
IA,b,2010-2017,15-19,0.00045,0.00223,2.74,99273,222,495862,6461252,65.09
IA,b,2010-2017,20-24,0.00066,0.00329,2.63,99051,326,494482,5965390,60.23
IA,b,2010-2017,25-29,0.00080,0.00399,2.63,98725,394,492689,5470908,55.42
IA,b,2010-2017,30-34,0.00099,0.00495,2.55,98331,487,490462,4978219,50.63
IA,b,2010-2017,35-39,0.00126,0.00629,2.6,97844,616,487745,4487756,45.87
IA,b,2010-2017,40-44,0.00188,0.00934,2.66,97228,908,484016,4000011,41.14
IA,b,2010-2017,45-49,0.00285,0.01415,2.72,96320,1363,478491,3515995,36.50
IA,b,2010-2017,50-54,0.00456,0.02258,2.62,94957,2144,469678,3037504,31.99
IA,b,2010-2017,55-59,0.00653,0.03216,2.63,92813,2985,456999,2567826,27.67
IA,b,2010-2017,60-64,0.00959,0.04687,2.64,89829,4211,439192,2110827,23.50
IA,b,2010-2017,65-69,0.01445,0.06992,2.67,85618,5986,414127,1671635,19.52
IA,b,2010-2017,70-74,0.02307,0.10941,2.64,79632,8713,377586,1257509,15.79
IA,b,2010-2017,75-79,0.03614,0.16637,2.62,70919,11799,326502,879922,12.41
IA,b,2010-2017,80-84,0.05916,0.25894,2.59,59120,15309,258758,553420,9.36
IA,b,2010-2017,85-89,0.10285,0.40986,2.52,43812,17956,174588,294662,6.73
IA,b,2010-2017,90-94,0.17923,0.60721,2.35,25855,15699,87595,120074,4.64
IA,b,2010-2017,95-99,0.28930,0.78557,2.09,10156,7978,27577,32479,3.20
IA,b,2010-2017,100-104,0.43261,0.90409,1.78,2178,1969,4551,4903,2.25
IA,b,2010-2017,105-109,0.58988,0.96043,1.49,209,201,340,352,1.68
IA,b,2010-2017,110+,0.71429,1.00000,1.4,8,8,12,12,1.40
