PopName,Sex,Year,Age,mx,qx,ax,lx,dx,Lx,Tx,ex
IA,f,1960-1969,0,0.01731,0.01705,0.1,100000,1705,98468,7595895,75.96
IA,f,1960-1969,1-4,0.00073,0.00292,1.66,98295,287,392511,7497427,76.27
IA,f,1960-1969,5-9,0.00035,0.00176,2.42,98008,173,489597,7104917,72.49
IA,f,1960-1969,10-14,0.00028,0.00142,2.73,97836,139,488864,6615320,67.62
IA,f,1960-1969,15-19,0.00059,0.00293,2.85,97697,287,487869,6126456,62.71
IA,f,1960-1969,20-24,0.00063,0.00317,2.53,97411,309,486289,5638587,57.88
IA,f,1960-1969,25-29,0.00067,0.00334,2.55,97102,325,484713,5152298,53.06
IA,f,1960-1969,30-34,0.00091,0.00456,2.66,96777,442,482850,4667585,48.23
IA,f,1960-1969,35-39,0.00132,0.00659,2.63,96336,635,480175,4184734,43.44
IA,f,1960-1969,40-44,0.00210,0.01047,2.71,95700,1002,476210,3704559,38.71
IA,f,1960-1969,45-49,0.00318,0.01580,2.63,94699,1496,469945,3228349,34.09
IA,f,1960-1969,50-54,0.00476,0.02355,2.6,93202,2195,460744,2758403,29.60
IA,f,1960-1969,55-59,0.00719,0.03539,2.7,91007,3221,447628,2297659,25.25
IA,f,1960-1969,60-64,0.01100,0.05361,2.68,87786,4706,428008,1850031,21.07
IA,f,1960-1969,65-69,0.01773,0.08510,2.66,83080,7070,398821,1422023,17.12
IA,f,1960-1969,70-74,0.02988,0.13964,2.66,76010,10614,355181,1023201,13.46
IA,f,1960-1969,75-79,0.05157,0.22955,2.61,65396,15011,291099,668020,10.22
IA,f,1960-1969,80-84,0.08882,0.36520,2.57,50384,18400,207173,376921,7.48
IA,f,1960-1969,85-89,0.15167,0.54387,2.4,31984,17395,114690,169749,5.31
IA,f,1960-1969,90-94,0.23727,0.71142,2.19,14589,10379,43744,55059,3.77
IA,f,1960-1969,95-99,0.35591,0.85051,1.93,4210,3581,10060,11315,2.69
IA,f,1960-1969,100-104,0.49394,0.93089,1.65,629,586,1186,1254,1.99
IA,f,1960-1969,105-109,0.63399,0.96842,1.41,43,42,66,68,1.57
IA,f,1960-1969,110+,0.74047,1.00000,1.35,1,1,2,2,1.35
IA,f,1970-1979,0,0.01264,0.01249,0.09,100000,1249,98861,7790507,77.91
IA,f,1970-1979,1-4,0.00058,0.00231,1.69,98751,228,394476,7691646,77.89
IA,f,1970-1979,5-9,0.00027,0.00135,2.27,98523,133,492249,7297170,74.07
IA,f,1970-1979,10-14,0.00025,0.00127,2.86,98389,125,491680,6804921,69.16
IA,f,1970-1979,15-19,0.00056,0.00282,2.64,98265,277,490670,6313241,64.25
IA,f,1970-1979,20-24,0.00057,0.00285,2.43,97988,280,489220,5822571,59.42
IA,f,1970-1979,25-29,0.00057,0.00286,2.5,97708,280,487842,5333351,54.58
IA,f,1970-1979,30-34,0.00075,0.00374,2.62,97429,365,486275,4845509,49.73
IA,f,1970-1979,35-39,0.00120,0.00601,2.65,97064,583,483950,4359234,44.91
IA,f,1970-1979,40-44,0.00179,0.00889,2.67,96481,858,480410,3875284,40.17
IA,f,1970-1979,45-49,0.00295,0.01467,2.69,95623,1403,474869,3394873,35.50
IA,f,1970-1979,50-54,0.00428,0.02116,2.62,94220,1994,466361,2920004,30.99
IA,f,1970-1979,55-59,0.00670,0.03300,2.67,92226,3044,454051,2453644,26.60
IA,f,1970-1979,60-64,0.00997,0.04869,2.65,89183,4342,435699,1999592,22.42
IA,f,1970-1979,65-69,0.01566,0.07550,2.63,84840,6406,409017,1563894,18.43
IA,f,1970-1979,70-74,0.02516,0.11880,2.65,78435,9318,370293,1154877,14.72
IA,f,1970-1979,75-79,0.04287,0.19466,2.64,69116,13454,313875,784584,11.35
IA,f,1970-1979,80-84,0.07376,0.31249,2.56,55662,17394,235827,470709,8.46
IA,f,1970-1979,85-89,0.12298,0.46840,2.46,38268,17925,145752,234882,6.14
IA,f,1970-1979,90-94,0.19713,0.64110,2.27,20343,13042,66160,89130,4.38
IA,f,1970-1979,95-99,0.29711,0.79214,2.05,7301,5784,19466,22971,3.15
IA,f,1970-1979,100-104,0.42178,0.89591,1.79,1518,1360,3224,3505,2.31
IA,f,1970-1979,105-109,0.55768,0.95128,1.54,158,150,269,281,1.78
IA,f,1970-1979,110+,0.66728,1.00000,1.5,8,8,12,12,1.50
IA,f,1980-1989,0,0.00811,0.00805,0.08,100000,805,99256,8001335,80.01
IA,f,1980-1989,1-4,0.00044,0.00177,1.62,99195,175,396362,7902079,79.66
IA,f,1980-1989,5-9,0.00019,0.00092,2.38,99019,92,494857,7505717,75.80
IA,f,1980-1989,10-14,0.00017,0.00084,2.63,98928,84,494441,7010860,70.87
IA,f,1980-1989,15-19,0.00049,0.00246,2.71,98844,243,493665,6516420,65.93
IA,f,1980-1989,20-24,0.00042,0.00210,2.52,98601,207,492492,6022755,61.08
IA,f,1980-1989,25-29,0.00046,0.00231,2.61,98394,227,491427,5530263,56.21
IA,f,1980-1989,30-34,0.00060,0.00300,2.61,98167,294,490131,5038836,51.33
IA,f,1980-1989,35-39,0.00086,0.00430,2.61,97873,420,488358,4548705,46.48
IA,f,1980-1989,40-44,0.00138,0.00690,2.7,97452,672,485714,4060347,41.66
IA,f,1980-1989,45-49,0.00230,0.01143,2.72,96780,1106,481379,3574633,36.94
IA,f,1980-1989,50-54,0.00368,0.01822,2.7,95674,1743,474367,3093254,32.33
IA,f,1980-1989,55-59,0.00584,0.02880,2.68,93930,2705,463375,2618887,27.88
IA,f,1980-1989,60-64,0.00934,0.04570,2.69,91225,4169,446481,2155512,23.63
IA,f,1980-1989,65-69,0.01419,0.06864,2.66,87056,5976,421272,1709030,19.63
IA,f,1980-1989,70-74,0.02207,0.10491,2.65,81080,8506,385402,1287759,15.88
IA,f,1980-1989,75-79,0.03525,0.16275,2.65,72574,11811,335119,902356,12.43
IA,f,1980-1989,80-84,0.06046,0.26387,2.59,60763,16033,265190,567237,9.34
IA,f,1980-1989,85-89,0.10444,0.41384,2.49,44730,18511,177248,302047,6.75
IA,f,1980-1989,90-94,0.17531,0.59755,2.34,26219,15667,89368,124800,4.76
IA,f,1980-1989,95-99,0.27408,0.76506,2.11,10552,8073,29454,35431,3.36
IA,f,1980-1989,100-104,0.40186,0.88450,1.84,2479,2193,5456,5977,2.41
IA,f,1980-1989,105-109,0.54478,0.94812,1.56,286,271,498,521,1.82
IA,f,1980-1989,110+,0.66125,1.00000,1.51,15,15,22,22,1.51
IA,f,1990-1999,0,0.00619,0.00615,0.07,100000,615,99428,8076900,80.77
IA,f,1990-1999,1-4,0.00029,0.00118,1.67,99385,117,397266,7977472,80.27
IA,f,1990-1999,5-9,0.00015,0.00073,2.53,99268,72,496161,7580206,76.36
IA,f,1990-1999,10-14,0.00017,0.00086,2.77,99196,85,495789,7084045,71.41
IA,f,1990-1999,15-19,0.00045,0.00226,2.62,99110,224,495020,6588256,66.47
IA,f,1990-1999,20-24,0.00040,0.00201,2.36,98887,198,493910,6093236,61.62
IA,f,1990-1999,25-29,0.00046,0.00230,2.58,98688,227,492893,5599326,56.74
IA,f,1990-1999,30-34,0.00064,0.00320,2.71,98461,315,491584,5106433,51.86
IA,f,1990-1999,35-39,0.00082,0.00411,2.61,98146,403,489769,4614849,47.02
IA,f,1990-1999,40-44,0.00128,0.00639,2.68,97743,624,487263,4125080,42.20
IA,f,1990-1999,45-49,0.00196,0.00974,2.66,97118,946,483382,3637817,37.46
IA,f,1990-1999,50-54,0.00333,0.01654,2.68,96173,1590,477167,3154435,32.80
IA,f,1990-1999,55-59,0.00544,0.02687,2.72,94582,2541,467115,2677269,28.31
IA,f,1990-1999,60-64,0.00885,0.04337,2.68,92041,3992,450936,2210153,24.01
IA,f,1990-1999,65-69,0.01372,0.06647,2.67,88050,5853,426602,1759217,19.98
IA,f,1990-1999,70-74,0.02099,0.09999,2.64,82197,8219,391576,1332615,16.21
IA,f,1990-1999,75-79,0.03299,0.15301,2.63,73978,11319,343108,941039,12.72
IA,f,1990-1999,80-84,0.05840,0.25636,2.62,62658,16063,275064,597931,9.54
IA,f,1990-1999,85-89,0.09924,0.39815,2.52,46595,18552,186931,322867,6.93
IA,f,1990-1999,90-94,0.17009,0.58679,2.36,28043,16456,96746,135936,4.85
IA,f,1990-1999,95-99,0.27136,0.76191,2.12,11588,8829,32535,39190,3.38
IA,f,1990-1999,100-104,0.40155,0.88463,1.84,2759,2441,6078,6654,2.41
IA,f,1990-1999,105-109,0.54755,0.94911,1.56,318,302,552,576,1.81
IA,f,1990-1999,110+,0.66638,1.00000,1.5,16,16,24,24,1.50
IA,f,2000-2009,0,0.00493,0.00490,0.07,100000,490,99542,8137863,81.38
IA,f,2000-2009,1-4,0.00024,0.00095,1.51,99510,94,397803,8038321,80.78
IA,f,2000-2009,5-9,0.00013,0.00064,2.64,99415,63,496926,7640518,76.85
IA,f,2000-2009,10-14,0.00014,0.00069,2.58,99352,69,496593,7143591,71.90
IA,f,2000-2009,15-19,0.00034,0.00171,2.52,99283,170,495995,6646998,66.95
IA,f,2000-2009,20-24,0.00037,0.00185,2.54,99113,184,495114,6151003,62.06
IA,f,2000-2009,25-29,0.00046,0.00230,2.53,98930,227,494086,5655889,57.17
IA,f,2000-2009,30-34,0.00060,0.00298,2.66,98702,294,492823,5161802,52.30
IA,f,2000-2009,35-39,0.00086,0.00428,2.58,98408,421,491022,4668980,47.45
IA,f,2000-2009,40-44,0.00142,0.00710,2.68,97987,695,488326,4177957,42.64
IA,f,2000-2009,45-49,0.00220,0.01093,2.66,97292,1063,483975,3689631,37.92
IA,f,2000-2009,50-54,0.00317,0.01575,2.68,96229,1515,477636,3205656,33.31
IA,f,2000-2009,55-59,0.00483,0.02387,2.69,94714,2261,468351,2728020,28.80
IA,f,2000-2009,60-64,0.00800,0.03928,2.68,92453,3631,453849,2259669,24.44
IA,f,2000-2009,65-69,0.01262,0.06131,2.66,88822,5446,431388,1805820,20.33
IA,f,2000-2009,70-74,0.01967,0.09396,2.64,83376,7834,398356,1374433,16.48
IA,f,2000-2009,75-79,0.03107,0.14478,2.65,75542,10937,352010,976077,12.92
IA,f,2000-2009,80-84,0.05439,0.24085,2.63,64605,15560,286074,624067,9.66
IA,f,2000-2009,85-89,0.09816,0.39527,2.54,49045,19386,197493,337993,6.89
IA,f,2000-2009,90-94,0.17343,0.59570,2.37,29659,17668,101872,140501,4.74
IA,f,2000-2009,95-99,0.28660,0.78262,2.1,11991,9384,32744,38628,3.22
IA,f,2000-2009,100-104,0.43127,0.90350,1.78,2607,2355,5461,5885,2.26
IA,f,2000-2009,105-109,0.58951,0.96036,1.49,252,242,410,424,1.68
IA,f,2000-2009,110+,0.71408,1.00000,1.4,10,10,14,14,1.40
IA,f,2010-2017,0,0.00446,0.00444,0.07,100000,444,99585,8185247,81.85
IA,f,2010-2017,1-4,0.00022,0.00089,1.58,99556,88,398010,8085662,81.22
IA,f,2010-2017,5-9,0.00008,0.00041,2.13,99468,41,497219,7687652,77.29
IA,f,2010-2017,10-14,0.00013,0.00063,3.03,99426,63,497008,7190433,72.32
IA,f,2010-2017,15-19,0.00028,0.00138,2.64,99364,137,496494,6693425,67.36
IA,f,2010-2017,20-24,0.00037,0.00184,2.68,99226,183,495708,6196930,62.45
IA,f,2010-2017,25-29,0.00047,0.00236,2.63,99044,234,494664,5701222,57.56
IA,f,2010-2017,30-34,0.00067,0.00334,2.67,98810,330,493282,5206558,52.69
IA,f,2010-2017,35-39,0.00093,0.00464,2.63,98480,457,491315,4713276,47.86
IA,f,2010-2017,40-44,0.00143,0.00712,2.74,98023,697,488536,4221961,43.07
IA,f,2010-2017,45-49,0.00228,0.01136,2.75,97326,1105,484141,3733425,38.36
IA,f,2010-2017,50-54,0.00349,0.01729,2.61,96220,1664,477125,3249284,33.77
IA,f,2010-2017,55-59,0.00483,0.02387,2.61,94557,2257,467388,2772159,29.32
IA,f,2010-2017,60-64,0.00730,0.03589,2.64,92299,3313,453684,2304770,24.97
IA,f,2010-2017,65-69,0.01160,0.05648,2.68,88987,5026,433260,1851086,20.80
IA,f,2010-2017,70-74,0.01889,0.09046,2.65,83960,7595,401980,1417826,16.89
IA,f,2010-2017,75-79,0.03016,0.14073,2.62,76365,10747,356291,1015846,13.30
IA,f,2010-2017,80-84,0.04996,0.22330,2.63,65618,14653,293303,659555,10.05
IA,f,2010-2017,85-89,0.09041,0.37037,2.56,50966,18876,208792,366252,7.19
IA,f,2010-2017,90-94,0.16486,0.57641,2.39,32090,18497,112200,157459,4.91
IA,f,2010-2017,95-99,0.27502,0.76850,2.13,13593,10446,37983,45260,3.33
IA,f,2010-2017,100-104,0.41992,0.89740,1.81,3147,2824,6725,7276,2.31
IA,f,2010-2017,105-109,0.58077,0.95852,1.51,323,309,533,552,1.71
IA,f,2010-2017,110+,0.70839,1.00000,1.41,13,13,19,19,1.41
