PopName,Sex,Year,Age,mx,qx,ax,lx,dx,Lx,Tx,ex
IN,b,1960-1969,0,0.02325,0.02278,0.11,100000,2278,97979,7040810,70.41
IN,b,1960-1969,1-4,0.00092,0.00368,1.62,97722,360,390030,6942831,71.05
IN,b,1960-1969,5-9,0.00045,0.00226,2.31,97362,220,486216,6552802,67.30
IN,b,1960-1969,10-14,0.00044,0.00222,2.7,97142,216,485212,6066585,62.45
IN,b,1960-1969,15-19,0.00103,0.00515,2.8,96926,499,483533,5581374,57.58
IN,b,1960-1969,20-24,0.00129,0.00643,2.49,96427,620,480578,5097841,52.87
IN,b,1960-1969,25-29,0.00127,0.00634,2.56,95807,607,477550,4617263,48.19
IN,b,1960-1969,30-34,0.00154,0.00768,2.64,95199,731,474273,4139712,43.48
IN,b,1960-1969,35-39,0.00222,0.01107,2.7,94469,1045,469939,3665439,38.80
IN,b,1960-1969,40-44,0.00342,0.01695,2.68,93423,1583,463448,3195501,34.20
IN,b,1960-1969,45-49,0.00544,0.02688,2.68,91840,2468,453475,2732052,29.75
IN,b,1960-1969,50-54,0.00880,0.04310,2.67,89372,3852,437873,2278577,25.50
IN,b,1960-1969,55-59,0.01341,0.06498,2.65,85520,5557,414526,1840704,21.52
IN,b,1960-1969,60-64,0.02052,0.09784,2.62,79963,7824,381204,1426177,17.84
IN,b,1960-1969,65-69,0.03054,0.14229,2.6,72139,10265,336062,1044974,14.49
IN,b,1960-1969,70-74,0.04697,0.21086,2.58,61874,13047,277766,708912,11.46
IN,b,1960-1969,75-79,0.07155,0.30398,2.53,48827,14843,207443,431146,8.83
IN,b,1960-1969,80-84,0.11221,0.43687,2.47,33985,14847,132312,223703,6.58
IN,b,1960-1969,85-89,0.17770,0.60176,2.32,19138,11516,64806,91390,4.78
IN,b,1960-1969,90-94,0.26321,0.74811,2.12,7621,5702,21662,26584,3.49
IN,b,1960-1969,95-99,0.37615,0.86513,1.88,1920,1661,4415,4921,2.56
IN,b,1960-1969,100-104,0.50463,0.93410,1.63,259,242,479,506,1.95
IN,b,1960-1969,105-109,0.63431,0.96809,1.41,17,17,26,27,1.57
IN,b,1960-1969,110+,0.73389,1.00000,1.36,1,1,1,1,1.36
IN,b,1970-1979,0,0.01646,0.01622,0.09,100000,1622,98530,7219245,72.19
IN,b,1970-1979,1-4,0.00074,0.00294,1.69,98378,289,392844,7120715,72.38
IN,b,1970-1979,5-9,0.00037,0.00186,2.31,98089,182,489955,6727871,68.59
IN,b,1970-1979,10-14,0.00038,0.00192,2.78,97907,188,489116,6237916,63.71
IN,b,1970-1979,15-19,0.00102,0.00510,2.83,97719,498,487514,5748800,58.83
IN,b,1970-1979,20-24,0.00127,0.00631,2.51,97220,614,484572,5261286,54.12
IN,b,1970-1979,25-29,0.00122,0.00608,2.51,96607,587,481569,4776714,49.45
IN,b,1970-1979,30-34,0.00138,0.00686,2.59,96020,659,478508,4295145,44.73
IN,b,1970-1979,35-39,0.00198,0.00984,2.66,95361,939,474609,3816637,40.02
IN,b,1970-1979,40-44,0.00310,0.01541,2.69,94422,1455,468754,3342028,35.39
IN,b,1970-1979,45-49,0.00502,0.02483,2.69,92967,2309,459503,2873274,30.91
IN,b,1970-1979,50-54,0.00778,0.03822,2.66,90658,3465,445176,2413771,26.62
IN,b,1970-1979,55-59,0.01205,0.05861,2.66,87193,5110,423984,1968595,22.58
IN,b,1970-1979,60-64,0.01875,0.08976,2.64,82083,7368,393013,1544611,18.82
IN,b,1970-1979,65-69,0.02817,0.13193,2.6,74715,9857,349944,1151598,15.41
IN,b,1970-1979,70-74,0.04146,0.18844,2.58,64858,12222,294763,801654,12.36
IN,b,1970-1979,75-79,0.06374,0.27555,2.54,52636,14504,227556,506891,9.63
IN,b,1970-1979,80-84,0.09716,0.39059,2.49,38133,14894,153294,279335,7.33
IN,b,1970-1979,85-89,0.14977,0.53724,2.37,23238,12485,83361,126041,5.42
IN,b,1970-1979,90-94,0.22569,0.69181,2.2,10754,7440,32964,42680,3.97
IN,b,1970-1979,95-99,0.32375,0.81907,1.98,3314,2715,8385,9715,2.93
IN,b,1970-1979,100-104,0.44104,0.90548,1.75,600,543,1231,1330,2.22
IN,b,1970-1979,105-109,0.56686,0.95316,1.52,57,54,95,99,1.75
IN,b,1970-1979,110+,0.66830,1.00000,1.5,3,3,4,4,1.50
IN,b,1980-1989,0,0.01112,0.01101,0.08,100000,1101,98986,7462404,74.62
IN,b,1980-1989,1-4,0.00053,0.00213,1.69,98899,210,395111,7363418,74.45
IN,b,1980-1989,5-9,0.00026,0.00132,2.32,98689,130,493095,6968306,70.61
IN,b,1980-1989,10-14,0.00027,0.00137,2.74,98558,135,492487,6475212,65.70
IN,b,1980-1989,15-19,0.00080,0.00399,2.78,98423,393,491243,5982725,60.79
IN,b,1980-1989,20-24,0.00103,0.00514,2.53,98030,504,488907,5491482,56.02
IN,b,1980-1989,25-29,0.00103,0.00513,2.51,97526,500,486385,5002575,51.29
IN,b,1980-1989,30-34,0.00117,0.00583,2.56,97026,566,483751,4516190,46.55
IN,b,1980-1989,35-39,0.00153,0.00761,2.63,96460,734,480558,4032439,41.80
IN,b,1980-1989,40-44,0.00230,0.01142,2.69,95726,1094,476106,3551881,37.10
IN,b,1980-1989,45-49,0.00382,0.01895,2.7,94633,1793,469034,3075775,32.50
IN,b,1980-1989,50-54,0.00632,0.03114,2.67,92840,2891,457461,2606741,28.08
IN,b,1980-1989,55-59,0.01026,0.05009,2.67,89949,4505,439245,2149280,23.89
IN,b,1980-1989,60-64,0.01625,0.07824,2.64,85443,6686,411452,1710035,20.01
IN,b,1980-1989,65-69,0.02426,0.11465,2.61,78758,9030,372218,1298583,16.49
IN,b,1980-1989,70-74,0.03690,0.16943,2.59,69728,11814,320196,926365,13.29
IN,b,1980-1989,75-79,0.05523,0.24331,2.55,57914,14091,255113,606169,10.47
IN,b,1980-1989,80-84,0.08412,0.34782,2.51,43823,15243,181208,351056,8.01
IN,b,1980-1989,85-89,0.13123,0.48939,2.4,28580,13987,106585,169848,5.94
IN,b,1980-1989,90-94,0.20091,0.64983,2.28,14593,9483,47202,63263,4.34
IN,b,1980-1989,95-99,0.29815,0.79241,2.04,5110,4049,13581,16060,3.14
IN,b,1980-1989,100-104,0.41659,0.89229,1.8,1061,947,2272,2479,2.34
IN,b,1980-1989,105-109,0.54749,0.94818,1.55,114,108,198,207,1.81
IN,b,1980-1989,110+,0.65464,1.00000,1.53,6,6,9,9,1.53
IN,b,1990-1999,0,0.00895,0.00888,0.07,100000,888,99177,7573644,75.74
IN,b,1990-1999,1-4,0.00045,0.00179,1.65,99112,178,396031,7474467,75.41
IN,b,1990-1999,5-9,0.00021,0.00106,2.29,98934,104,494387,7078437,71.55
IN,b,1990-1999,10-14,0.00024,0.00122,2.81,98830,120,493885,6584050,66.62
IN,b,1990-1999,15-19,0.00080,0.00399,2.77,98709,394,492670,6090165,61.70
IN,b,1990-1999,20-24,0.00095,0.00476,2.49,98315,468,490404,5597495,56.93
IN,b,1990-1999,25-29,0.00101,0.00504,2.57,97847,493,488038,5107092,52.19
IN,b,1990-1999,30-34,0.00129,0.00641,2.56,97354,624,485250,4619053,47.45
IN,b,1990-1999,35-39,0.00160,0.00799,2.59,96730,773,481783,4133804,42.74
IN,b,1990-1999,40-44,0.00226,0.01123,2.62,95957,1078,477215,3652021,38.06
IN,b,1990-1999,45-49,0.00336,0.01667,2.69,94879,1582,470747,3174806,33.46
IN,b,1990-1999,50-54,0.00530,0.02616,2.67,93297,2441,460797,2704059,28.98
IN,b,1990-1999,55-59,0.00866,0.04244,2.68,90857,3856,445341,2243263,24.69
IN,b,1990-1999,60-64,0.01422,0.06880,2.66,87000,5986,420970,1797922,20.67
IN,b,1990-1999,65-69,0.02227,0.10579,2.63,81014,8570,384792,1376952,17.00
IN,b,1990-1999,70-74,0.03409,0.15751,2.59,72444,11411,334706,992160,13.70
IN,b,1990-1999,75-79,0.05071,0.22570,2.57,61034,13775,271650,657454,10.77
IN,b,1990-1999,80-84,0.08027,0.33480,2.52,47258,15822,197119,385804,8.16
IN,b,1990-1999,85-89,0.12790,0.48111,2.43,31436,15124,118247,188684,6.00
IN,b,1990-1999,90-94,0.20085,0.64881,2.27,16312,10583,52693,70437,4.32
IN,b,1990-1999,95-99,0.30257,0.79822,2.04,5729,4573,15113,17744,3.10
IN,b,1990-1999,100-104,0.42827,0.89973,1.78,1156,1040,2428,2632,2.28
IN,b,1990-1999,105-109,0.56601,0.95365,1.52,116,111,195,203,1.75
IN,b,1990-1999,110+,0.67741,1.00000,1.48,5,5,8,8,1.48
IN,b,2000-2009,0,0.00783,0.00777,0.07,100000,777,99277,7677050,76.77
IN,b,2000-2009,1-4,0.00036,0.00142,1.56,99223,141,396548,7577772,76.37
IN,b,2000-2009,5-9,0.00016,0.00082,2.49,99082,81,495206,7181225,72.48
IN,b,2000-2009,10-14,0.00019,0.00095,2.84,99001,94,494803,6686018,67.53
IN,b,2000-2009,15-19,0.00065,0.00324,2.87,98907,321,493854,6191216,62.60
IN,b,2000-2009,20-24,0.00098,0.00488,2.58,98586,481,491768,5697361,57.79
IN,b,2000-2009,25-29,0.00105,0.00524,2.55,98105,514,489268,5205593,53.06
IN,b,2000-2009,30-34,0.00118,0.00587,2.55,97591,573,486553,4716325,48.33
IN,b,2000-2009,35-39,0.00157,0.00782,2.64,97018,758,483298,4229772,43.60
IN,b,2000-2009,40-44,0.00239,0.01189,2.65,96260,1145,478612,3746474,38.92
IN,b,2000-2009,45-49,0.00363,0.01800,2.64,95115,1712,471540,3267862,34.36
IN,b,2000-2009,50-54,0.00529,0.02610,2.64,93403,2438,461266,2796323,29.94
IN,b,2000-2009,55-59,0.00780,0.03831,2.64,90965,3485,446613,2335057,25.67
IN,b,2000-2009,60-64,0.01246,0.06054,2.67,87480,5296,425049,1888444,21.59
IN,b,2000-2009,65-69,0.01911,0.09144,2.64,82184,7515,393146,1463395,17.81
IN,b,2000-2009,70-74,0.02969,0.13864,2.61,74669,10352,348645,1070248,14.33
IN,b,2000-2009,75-79,0.04587,0.20647,2.59,64317,13279,289516,721604,11.22
IN,b,2000-2009,80-84,0.07307,0.30989,2.55,51037,15816,216452,432088,8.47
IN,b,2000-2009,85-89,0.12179,0.46506,2.46,35221,16380,134495,215636,6.12
IN,b,2000-2009,90-94,0.20026,0.64888,2.29,18841,12226,61051,81141,4.31
IN,b,2000-2009,95-99,0.30878,0.80622,2.04,6616,5334,17273,20090,3.04
IN,b,2000-2009,100-104,0.44467,0.90935,1.75,1282,1166,2622,2817,2.20
IN,b,2000-2009,105-109,0.59111,0.96015,1.48,116,112,189,195,1.68
IN,b,2000-2009,110+,0.70697,1.00000,1.41,5,5,7,7,1.41
IN,b,2010-2017,0,0.00732,0.00727,0.07,100000,727,99323,7729127,77.29
IN,b,2010-2017,1-4,0.00028,0.00112,1.59,99273,111,396823,7629804,76.86
IN,b,2010-2017,5-9,0.00014,0.00069,2.38,99162,68,495631,7232981,72.94
IN,b,2010-2017,10-14,0.00016,0.00080,2.74,99094,79,495290,6737350,67.99
IN,b,2010-2017,15-19,0.00057,0.00284,3.01,99015,281,494516,6242060,63.04
IN,b,2010-2017,20-24,0.00098,0.00487,2.64,98734,481,492534,5747544,58.21
IN,b,2010-2017,25-29,0.00132,0.00659,2.57,98253,647,489695,5255011,53.48
IN,b,2010-2017,30-34,0.00150,0.00748,2.61,97606,730,486284,4765316,48.82
IN,b,2010-2017,35-39,0.00179,0.00893,2.6,96877,865,482310,4279032,44.17
IN,b,2010-2017,40-44,0.00238,0.01183,2.63,96012,1135,477373,3796721,39.54
IN,b,2010-2017,45-49,0.00365,0.01809,2.64,94876,1716,470339,3319348,34.99
IN,b,2010-2017,50-54,0.00564,0.02784,2.65,93160,2594,459711,2849009,30.58
IN,b,2010-2017,55-59,0.00821,0.04028,2.63,90566,3648,444182,2389297,26.38
IN,b,2010-2017,60-64,0.01172,0.05702,2.63,86918,4956,422844,1945115,22.38
IN,b,2010-2017,65-69,0.01713,0.08232,2.64,81963,6747,393880,1522272,18.57
IN,b,2010-2017,70-74,0.02672,0.12559,2.61,75216,9446,353539,1128392,15.00
IN,b,2010-2017,75-79,0.04193,0.19041,2.59,65770,12523,298648,774853,11.78
IN,b,2010-2017,80-84,0.06628,0.28536,2.57,53247,15194,229246,476204,8.94
IN,b,2010-2017,85-89,0.11036,0.43192,2.48,38052,16435,148923,246958,6.49
IN,b,2010-2017,90-94,0.18673,0.62128,2.31,21617,13430,71922,98036,4.54
IN,b,2010-2017,95-99,0.29100,0.78656,2.08,8187,6439,22128,26114,3.19
IN,b,2010-2017,100-104,0.42682,0.90011,1.79,1747,1573,3685,3986,2.28
IN,b,2010-2017,105-109,0.57622,0.95685,1.51,175,167,290,301,1.72
IN,b,2010-2017,110+,0.69581,1.00000,1.44,8,8,11,11,1.44
