PopName,Sex,Year,Age,mx,qx,ax,lx,dx,Lx,Tx,ex
NC,f,1960-1969,0,0.02628,0.02569,0.13,100000,2569,97756,7282283,72.82
NC,f,1960-1969,1-4,0.00104,0.00416,1.57,97431,405,388739,7184526,73.74
NC,f,1960-1969,5-9,0.00046,0.00230,2.22,97026,223,484508,6795788,70.04
NC,f,1960-1969,10-14,0.00035,0.00175,2.57,96803,169,483603,6311279,65.20
NC,f,1960-1969,15-19,0.00063,0.00314,2.72,96634,303,482476,5827677,60.31
NC,f,1960-1969,20-24,0.00080,0.00398,2.54,96330,383,480709,5345200,55.49
NC,f,1960-1969,25-29,0.00101,0.00502,2.59,95947,482,478574,4864492,50.70
NC,f,1960-1969,30-34,0.00153,0.00760,2.7,95465,726,475653,4385918,45.94
NC,f,1960-1969,35-39,0.00227,0.01128,2.66,94739,1069,471199,3910265,41.27
NC,f,1960-1969,40-44,0.00327,0.01621,2.66,93670,1518,464795,3439066,36.71
NC,f,1960-1969,45-49,0.00461,0.02279,2.64,92152,2101,455795,2974271,32.28
NC,f,1960-1969,50-54,0.00670,0.03296,2.63,90051,2968,443217,2518476,27.97
NC,f,1960-1969,55-59,0.00948,0.04639,2.66,87083,4040,425968,2075259,23.83
NC,f,1960-1969,60-64,0.01461,0.07063,2.66,83043,5866,401511,1649291,19.86
NC,f,1960-1969,65-69,0.02301,0.10907,2.61,77177,8418,365793,1247780,16.17
NC,f,1960-1969,70-74,0.03642,0.16753,2.61,68760,11519,316254,881987,12.83
NC,f,1960-1969,75-79,0.05729,0.25136,2.56,57240,14388,251125,565733,9.88
NC,f,1960-1969,80-84,0.09642,0.38984,2.55,42852,16706,173265,314608,7.34
NC,f,1960-1969,85-89,0.15288,0.54506,2.37,26146,14251,93221,141343,5.41
NC,f,1960-1969,90-94,0.22120,0.68284,2.2,11895,8122,36720,48122,4.05
NC,f,1960-1969,95-99,0.31319,0.80762,2,3773,3047,9728,11403,3.02
NC,f,1960-1969,100-104,0.42328,0.89501,1.78,726,650,1535,1674,2.31
NC,f,1960-1969,105-109,0.54180,0.94563,1.56,76,72,133,139,1.83
NC,f,1960-1969,110+,0.63796,1.00000,1.57,4,4,6,6,1.57
NC,f,1970-1979,0,0.01783,0.01755,0.1,100000,1755,98426,7549686,75.50
NC,f,1970-1979,1-4,0.00074,0.00295,1.65,98245,290,392300,7451260,75.84
NC,f,1970-1979,5-9,0.00037,0.00186,2.27,97955,182,489279,7058960,72.06
NC,f,1970-1979,10-14,0.00031,0.00154,2.66,97773,151,488513,6569681,67.19
NC,f,1970-1979,15-19,0.00060,0.00299,2.68,97622,292,487436,6081168,62.29
NC,f,1970-1979,20-24,0.00069,0.00344,2.53,97331,335,485827,5593733,57.47
NC,f,1970-1979,25-29,0.00076,0.00380,2.54,96996,368,484077,5107905,52.66
NC,f,1970-1979,30-34,0.00114,0.00571,2.7,96628,551,481873,4623829,47.85
NC,f,1970-1979,35-39,0.00179,0.00889,2.69,96077,854,478413,4141956,43.11
NC,f,1970-1979,40-44,0.00279,0.01388,2.69,95222,1321,473056,3663543,38.47
NC,f,1970-1979,45-49,0.00417,0.02066,2.68,93901,1940,465009,3190487,33.98
NC,f,1970-1979,50-54,0.00603,0.02970,2.62,91961,2731,453292,2725477,29.64
NC,f,1970-1979,55-59,0.00867,0.04247,2.61,89230,3789,437081,2272185,25.46
NC,f,1970-1979,60-64,0.01238,0.06012,2.62,85441,5137,415000,1835104,21.48
NC,f,1970-1979,65-69,0.01843,0.08829,2.61,80304,7090,384608,1420104,17.68
NC,f,1970-1979,70-74,0.03015,0.14069,2.63,73214,10301,341633,1035496,14.14
NC,f,1970-1979,75-79,0.04783,0.21452,2.6,62913,13496,282147,693863,11.03
NC,f,1970-1979,80-84,0.07836,0.32887,2.56,49417,16252,207390,411716,8.33
NC,f,1970-1979,85-89,0.12572,0.47512,2.43,33165,15757,125343,204325,6.16
NC,f,1970-1979,90-94,0.19032,0.62691,2.28,17408,10913,57341,78983,4.54
NC,f,1970-1979,95-99,0.27900,0.76881,2.08,6495,4993,17897,21641,3.33
NC,f,1970-1979,100-104,0.38839,0.87323,1.85,1501,1311,3376,3745,2.49
NC,f,1970-1979,105-109,0.51035,0.93559,1.62,190,178,349,369,1.94
NC,f,1970-1979,110+,0.61108,1.00000,1.64,12,12,20,20,1.64
NC,f,1980-1989,0,0.01147,0.01135,0.09,100000,1135,98962,7785209,77.85
NC,f,1980-1989,1-4,0.00049,0.00197,1.64,98865,195,395001,7686247,77.74
NC,f,1980-1989,5-9,0.00023,0.00116,2.4,98670,114,493056,7291246,73.89
NC,f,1980-1989,10-14,0.00022,0.00111,2.68,98556,109,492529,6798190,68.98
NC,f,1980-1989,15-19,0.00051,0.00254,2.68,98447,250,491655,6305661,64.05
NC,f,1980-1989,20-24,0.00055,0.00275,2.5,98197,270,490311,5814006,59.21
NC,f,1980-1989,25-29,0.00064,0.00321,2.63,97927,315,488891,5323695,54.36
NC,f,1980-1989,30-34,0.00089,0.00444,2.58,97612,434,487013,4834804,49.53
NC,f,1980-1989,35-39,0.00124,0.00617,2.65,97179,600,484487,4347791,44.74
NC,f,1980-1989,40-44,0.00201,0.01000,2.69,96579,966,480665,3863304,40.00
NC,f,1980-1989,45-49,0.00310,0.01541,2.7,95613,1473,474680,3382639,35.38
NC,f,1980-1989,50-54,0.00484,0.02393,2.67,94140,2253,465456,2907959,30.89
NC,f,1980-1989,55-59,0.00756,0.03716,2.66,91887,3415,451438,2442503,26.58
NC,f,1980-1989,60-64,0.01137,0.05535,2.63,88472,4897,430774,1991065,22.50
NC,f,1980-1989,65-69,0.01700,0.08172,2.63,83575,6830,401682,1560291,18.67
NC,f,1980-1989,70-74,0.02606,0.12275,2.65,76745,9421,361546,1158609,15.10
NC,f,1980-1989,75-79,0.04119,0.18741,2.6,67325,12617,306335,797063,11.84
NC,f,1980-1989,80-84,0.06726,0.28914,2.57,54707,15818,235162,490728,8.97
NC,f,1980-1989,85-89,0.11230,0.43726,2.47,38889,17005,151427,255566,6.57
NC,f,1980-1989,90-94,0.17721,0.60075,2.32,21884,13147,74189,104139,4.76
NC,f,1980-1989,95-99,0.26869,0.75654,2.11,8737,6610,24601,29950,3.43
NC,f,1980-1989,100-104,0.38430,0.87128,1.86,2127,1853,4823,5349,2.51
NC,f,1980-1989,105-109,0.51466,0.93774,1.61,274,257,499,526,1.92
NC,f,1980-1989,110+,0.62252,1.00000,1.61,17,17,27,27,1.61
NC,f,1990-1999,0,0.00885,0.00878,0.08,100000,878,99190,7861746,78.62
NC,f,1990-1999,1-4,0.00041,0.00164,1.64,99122,163,396104,7762556,78.31
NC,f,1990-1999,5-9,0.00021,0.00103,2.45,98959,102,494537,7366452,74.44
NC,f,1990-1999,10-14,0.00020,0.00100,2.87,98857,99,494075,6871915,69.51
NC,f,1990-1999,15-19,0.00049,0.00242,2.55,98758,239,493204,6377840,64.58
NC,f,1990-1999,20-24,0.00054,0.00270,2.53,98519,266,491937,5884636,59.73
NC,f,1990-1999,25-29,0.00065,0.00326,2.62,98253,320,490502,5392699,54.89
NC,f,1990-1999,30-34,0.00093,0.00465,2.61,97932,455,488575,4902197,50.06
NC,f,1990-1999,35-39,0.00126,0.00628,2.65,97477,613,485944,4413623,45.28
NC,f,1990-1999,40-44,0.00189,0.00943,2.63,96865,914,482155,3927678,40.55
NC,f,1990-1999,45-49,0.00273,0.01356,2.68,95951,1301,476742,3445523,35.91
NC,f,1990-1999,50-54,0.00427,0.02112,2.66,94650,1999,468569,2968782,31.37
NC,f,1990-1999,55-59,0.00675,0.03324,2.69,92651,3080,456143,2500212,26.99
NC,f,1990-1999,60-64,0.01084,0.05284,2.65,89571,4733,436728,2044069,22.82
NC,f,1990-1999,65-69,0.01612,0.07765,2.63,84838,6588,408578,1607341,18.95
NC,f,1990-1999,70-74,0.02517,0.11881,2.64,78250,9297,369339,1198763,15.32
NC,f,1990-1999,75-79,0.03896,0.17818,2.61,68953,12286,315366,829424,12.03
NC,f,1990-1999,80-84,0.06456,0.27914,2.58,56667,15818,245023,514058,9.07
NC,f,1990-1999,85-89,0.11004,0.43124,2.49,40849,17616,160077,269035,6.59
NC,f,1990-1999,90-94,0.17953,0.60606,2.32,23233,14080,78431,108958,4.69
NC,f,1990-1999,95-99,0.27682,0.76801,2.1,9152,7029,25392,30527,3.34
NC,f,1990-1999,100-104,0.40077,0.88329,1.83,2123,1875,4680,5135,2.42
NC,f,1990-1999,105-109,0.53906,0.94613,1.57,248,234,435,455,1.84
NC,f,1990-1999,110+,0.65206,1.00000,1.53,13,13,20,20,1.53
NC,f,2000-2009,0,0.00768,0.00763,0.07,100000,763,99294,7935965,79.36
NC,f,2000-2009,1-4,0.00028,0.00111,1.58,99237,110,396681,7836671,78.97
NC,f,2000-2009,5-9,0.00015,0.00074,2.32,99127,73,495438,7439990,75.06
NC,f,2000-2009,10-14,0.00015,0.00077,2.77,99054,76,495099,6944552,70.11
NC,f,2000-2009,15-19,0.00042,0.00209,2.81,98978,207,494437,6449452,65.16
NC,f,2000-2009,20-24,0.00052,0.00257,2.58,98771,254,493240,5955015,60.29
NC,f,2000-2009,25-29,0.00061,0.00305,2.62,98517,301,491868,5461775,55.44
NC,f,2000-2009,30-34,0.00080,0.00401,2.67,98216,394,490165,4969907,50.60
NC,f,2000-2009,35-39,0.00127,0.00633,2.65,97822,619,487660,4479742,45.79
NC,f,2000-2009,40-44,0.00196,0.00976,2.69,97203,949,483824,3992082,41.07
NC,f,2000-2009,45-49,0.00291,0.01445,2.64,96255,1391,477993,3508258,36.45
NC,f,2000-2009,50-54,0.00416,0.02061,2.62,94864,1955,469668,3030266,31.94
NC,f,2000-2009,55-59,0.00599,0.02954,2.68,92908,2745,458176,2560598,27.56
NC,f,2000-2009,60-64,0.00936,0.04578,2.65,90164,4127,441111,2102422,23.32
NC,f,2000-2009,65-69,0.01460,0.07057,2.64,86036,6071,415841,1661311,19.31
NC,f,2000-2009,70-74,0.02299,0.10902,2.64,79965,8717,379248,1245470,15.58
NC,f,2000-2009,75-79,0.03733,0.17156,2.64,71248,12223,327400,866223,12.16
NC,f,2000-2009,80-84,0.06178,0.26906,2.6,59025,15881,257051,538823,9.13
NC,f,2000-2009,85-89,0.10863,0.42781,2.52,43144,18457,169915,281772,6.53
NC,f,2000-2009,90-94,0.18594,0.62089,2.33,24686,15327,82432,111857,4.53
NC,f,2000-2009,95-99,0.29585,0.79256,2.07,9359,7417,25072,29425,3.14
NC,f,2000-2009,100-104,0.43483,0.90467,1.77,1941,1756,4039,4353,2.24
NC,f,2000-2009,105-109,0.58561,0.95910,1.49,185,177,303,314,1.70
NC,f,2000-2009,110+,0.70476,1.00000,1.42,8,8,11,11,1.42
NC,f,2010-2017,0,0.00653,0.00649,0.07,100000,649,99397,8037636,80.38
NC,f,2010-2017,1-4,0.00023,0.00093,1.5,99351,92,397174,7938239,79.90
NC,f,2010-2017,5-9,0.00011,0.00054,2.36,99259,53,496153,7541065,75.97
NC,f,2010-2017,10-14,0.00012,0.00061,2.62,99205,60,495884,7044912,71.01
NC,f,2010-2017,15-19,0.00030,0.00148,2.86,99145,147,495413,6549029,66.05
NC,f,2010-2017,20-24,0.00050,0.00247,2.62,98999,245,494412,6053616,61.15
NC,f,2010-2017,25-29,0.00066,0.00330,2.56,98754,326,492975,5559204,56.29
NC,f,2010-2017,30-34,0.00090,0.00449,2.6,98428,442,491077,5066229,51.47
NC,f,2010-2017,35-39,0.00121,0.00602,2.62,97986,590,488523,4575152,46.69
NC,f,2010-2017,40-44,0.00174,0.00866,2.67,97396,844,485014,4086629,41.96
NC,f,2010-2017,45-49,0.00277,0.01377,2.68,96552,1329,479683,3601615,37.30
NC,f,2010-2017,50-54,0.00424,0.02100,2.65,95223,2000,471411,3121931,32.79
NC,f,2010-2017,55-59,0.00612,0.03016,2.61,93223,2812,459402,2650521,28.43
NC,f,2010-2017,60-64,0.00847,0.04152,2.62,90411,3753,443138,2191119,24.24
NC,f,2010-2017,65-69,0.01284,0.06231,2.64,86657,5399,420557,1747980,20.17
NC,f,2010-2017,70-74,0.02028,0.09678,2.65,81258,7864,387797,1327423,16.34
NC,f,2010-2017,75-79,0.03295,0.15276,2.62,73394,11211,340305,939627,12.80
NC,f,2010-2017,80-84,0.05552,0.24513,2.61,62182,15243,274545,599322,9.64
NC,f,2010-2017,85-89,0.09856,0.39647,2.54,46940,18610,188827,324777,6.92
NC,f,2010-2017,90-94,0.17164,0.59048,2.36,28330,16728,97462,135949,4.80
NC,f,2010-2017,95-99,0.27716,0.77014,2.12,11602,8935,32237,38487,3.32
NC,f,2010-2017,100-104,0.41411,0.89307,1.82,2667,2382,5751,6251,2.34
NC,f,2010-2017,105-109,0.56625,0.95450,1.53,285,272,481,500,1.75
NC,f,2010-2017,110+,0.68842,1.00000,1.45,13,13,19,19,1.45
