PopName,Sex,Year,Age,mx,qx,ax,lx,dx,Lx,Tx,ex
WA,f,1960-1969,0,0.01834,0.01804,0.1,100000,1804,98384,7527587,75.28
WA,f,1960-1969,1-4,0.00077,0.00306,1.67,98196,300,392085,7429203,75.66
WA,f,1960-1969,5-9,0.00034,0.00168,2.22,97896,165,489021,7037118,71.88
WA,f,1960-1969,10-14,0.00030,0.00149,2.65,97731,146,488313,6548097,67.00
WA,f,1960-1969,15-19,0.00050,0.00250,2.81,97585,244,487393,6059784,62.10
WA,f,1960-1969,20-24,0.00065,0.00323,2.55,97341,315,485936,5572391,57.25
WA,f,1960-1969,25-29,0.00077,0.00382,2.56,97027,371,484230,5086455,52.42
WA,f,1960-1969,30-34,0.00106,0.00527,2.72,96656,509,482117,4602225,47.61
WA,f,1960-1969,35-39,0.00158,0.00786,2.7,96147,756,478991,4120108,42.85
WA,f,1960-1969,40-44,0.00234,0.01162,2.63,95391,1108,474322,3641117,38.17
WA,f,1960-1969,45-49,0.00363,0.01801,2.67,94283,1698,467450,3166796,33.59
WA,f,1960-1969,50-54,0.00559,0.02759,2.63,92585,2555,456867,2699346,29.16
WA,f,1960-1969,55-59,0.00801,0.03931,2.64,90030,3539,441793,2242479,24.91
WA,f,1960-1969,60-64,0.01216,0.05909,2.65,86491,5111,420467,1800686,20.82
WA,f,1960-1969,65-69,0.01897,0.09082,2.65,81380,7391,389556,1380219,16.96
WA,f,1960-1969,70-74,0.03081,0.14361,2.64,73989,10626,344876,990663,13.39
WA,f,1960-1969,75-79,0.05339,0.23664,2.6,63363,14994,280843,645787,10.19
WA,f,1960-1969,80-84,0.08865,0.36418,2.55,48369,17615,198700,364944,7.54
WA,f,1960-1969,85-89,0.14796,0.53383,2.39,30754,16418,110963,166243,5.41
WA,f,1960-1969,90-94,0.23134,0.70306,2.21,14337,10079,43569,55280,3.86
WA,f,1960-1969,95-99,0.34683,0.84242,1.95,4257,3586,10340,11711,2.75
WA,f,1960-1969,100-104,0.48114,0.92552,1.68,671,621,1290,1371,2.04
WA,f,1960-1969,105-109,0.61918,0.96557,1.44,50,48,78,80,1.61
WA,f,1960-1969,110+,0.72554,1.00000,1.38,2,2,2,2,1.38
WA,f,1970-1979,0,0.01321,0.01306,0.09,100000,1306,98812,7724135,77.24
WA,f,1970-1979,1-4,0.00062,0.00248,1.69,98694,245,394212,7625323,77.26
WA,f,1970-1979,5-9,0.00029,0.00145,2.37,98449,143,491871,7231111,73.45
WA,f,1970-1979,10-14,0.00027,0.00135,2.65,98306,132,491220,6739241,68.55
WA,f,1970-1979,15-19,0.00056,0.00277,2.73,98174,272,490253,6248021,63.64
WA,f,1970-1979,20-24,0.00067,0.00332,2.49,97902,325,488694,5757768,58.81
WA,f,1970-1979,25-29,0.00068,0.00339,2.56,97577,330,487078,5269075,54.00
WA,f,1970-1979,30-34,0.00086,0.00430,2.58,97246,418,485221,4781996,49.17
WA,f,1970-1979,35-39,0.00127,0.00634,2.62,96828,613,482685,4296776,44.38
WA,f,1970-1979,40-44,0.00204,0.01016,2.7,96215,978,478823,3814091,39.64
WA,f,1970-1979,45-49,0.00342,0.01696,2.67,95237,1616,472424,3335268,35.02
WA,f,1970-1979,50-54,0.00525,0.02593,2.64,93621,2428,462376,2862844,30.58
WA,f,1970-1979,55-59,0.00766,0.03763,2.66,91194,3431,447939,2400468,26.32
WA,f,1970-1979,60-64,0.01142,0.05561,2.65,87762,4880,427364,1952530,22.25
WA,f,1970-1979,65-69,0.01671,0.08040,2.67,82882,6664,398878,1525166,18.40
WA,f,1970-1979,70-74,0.02662,0.12522,2.63,76219,9544,358518,1126287,14.78
WA,f,1970-1979,75-79,0.04339,0.19664,2.62,66675,13111,302136,767769,11.52
WA,f,1970-1979,80-84,0.06975,0.29841,2.58,53564,15984,229173,465633,8.69
WA,f,1970-1979,85-89,0.11729,0.45221,2.47,37580,16994,144888,236461,6.29
WA,f,1970-1979,90-94,0.19314,0.63225,2.27,20586,13015,67386,91573,4.45
WA,f,1970-1979,95-99,0.29148,0.78594,2.07,7570,5950,20413,24187,3.19
WA,f,1970-1979,100-104,0.41780,0.89384,1.8,1621,1449,3467,3774,2.33
WA,f,1970-1979,105-109,0.55628,0.95106,1.54,172,164,294,307,1.78
WA,f,1970-1979,110+,0.66812,1.00000,1.5,8,8,13,13,1.50
WA,f,1980-1989,0,0.00862,0.00855,0.08,100000,855,99211,7917354,79.17
WA,f,1980-1989,1-4,0.00042,0.00168,1.49,99145,166,396162,7818144,78.86
WA,f,1980-1989,5-9,0.00020,0.00101,2.32,98978,100,494624,7421982,74.99
WA,f,1980-1989,10-14,0.00019,0.00095,2.81,98879,94,494187,6927357,70.06
WA,f,1980-1989,15-19,0.00053,0.00267,2.73,98784,263,493325,6433170,65.12
WA,f,1980-1989,20-24,0.00051,0.00257,2.51,98521,253,491976,5939845,60.29
WA,f,1980-1989,25-29,0.00059,0.00295,2.5,98268,290,490615,5447869,55.44
WA,f,1980-1989,30-34,0.00066,0.00331,2.6,97978,324,489112,4957253,50.60
WA,f,1980-1989,35-39,0.00096,0.00480,2.62,97654,468,487155,4468141,45.75
WA,f,1980-1989,40-44,0.00147,0.00733,2.69,97186,713,484285,3980986,40.96
WA,f,1980-1989,45-49,0.00243,0.01209,2.72,96473,1166,479703,3496701,36.25
WA,f,1980-1989,50-54,0.00412,0.02043,2.69,95306,1947,472043,3016998,31.66
WA,f,1980-1989,55-59,0.00653,0.03216,2.67,93359,3002,459797,2544955,27.26
WA,f,1980-1989,60-64,0.01064,0.05188,2.64,90357,4688,440720,2085158,23.08
WA,f,1980-1989,65-69,0.01568,0.07563,2.65,85669,6480,413145,1644438,19.20
WA,f,1980-1989,70-74,0.02460,0.11621,2.63,79189,9203,374124,1231293,15.55
WA,f,1980-1989,75-79,0.03810,0.17465,2.62,69987,12223,320849,857169,12.25
WA,f,1980-1989,80-84,0.06195,0.26956,2.59,57764,15571,251365,536320,9.28
WA,f,1980-1989,85-89,0.10555,0.41815,2.52,42193,17643,167157,284955,6.75
WA,f,1980-1989,90-94,0.17366,0.59395,2.34,24550,14581,83967,117798,4.80
WA,f,1980-1989,95-99,0.27090,0.76055,2.12,9968,7582,27987,33831,3.39
WA,f,1980-1989,100-104,0.39528,0.87985,1.85,2387,2100,5313,5844,2.45
WA,f,1980-1989,105-109,0.53503,0.94502,1.58,287,271,507,531,1.85
WA,f,1980-1989,110+,0.64960,1.00000,1.54,16,16,24,24,1.54
WA,f,1990-1999,0,0.00587,0.00584,0.07,100000,584,99456,8017578,80.18
WA,f,1990-1999,1-4,0.00032,0.00127,1.58,99416,126,397358,7918122,79.65
WA,f,1990-1999,5-9,0.00015,0.00077,2.32,99290,77,496242,7520764,75.75
WA,f,1990-1999,10-14,0.00016,0.00080,2.84,99213,79,495893,7024522,70.80
WA,f,1990-1999,15-19,0.00039,0.00194,2.67,99134,193,495221,6528628,65.86
WA,f,1990-1999,20-24,0.00044,0.00219,2.54,98941,217,494173,6033407,60.98
WA,f,1990-1999,25-29,0.00048,0.00241,2.58,98724,238,493043,5539235,56.11
WA,f,1990-1999,30-34,0.00065,0.00322,2.67,98486,317,491689,5046191,51.24
WA,f,1990-1999,35-39,0.00088,0.00437,2.7,98168,429,489858,4554502,46.39
WA,f,1990-1999,40-44,0.00135,0.00672,2.64,97740,657,487144,4064644,41.59
WA,f,1990-1999,45-49,0.00210,0.01044,2.67,97082,1013,483055,3577500,36.85
WA,f,1990-1999,50-54,0.00349,0.01729,2.74,96069,1661,476587,3094445,32.21
WA,f,1990-1999,55-59,0.00582,0.02871,2.71,94408,2710,465832,2617858,27.73
WA,f,1990-1999,60-64,0.00948,0.04635,2.66,91698,4250,448527,2152026,23.47
WA,f,1990-1999,65-69,0.01465,0.07081,2.64,87447,6192,422634,1703499,19.48
WA,f,1990-1999,70-74,0.02327,0.11021,2.62,81255,8955,384917,1280865,15.76
WA,f,1990-1999,75-79,0.03622,0.16663,2.6,72300,12047,332613,895948,12.39
WA,f,1990-1999,80-84,0.05940,0.25994,2.6,60252,15662,263671,563335,9.35
WA,f,1990-1999,85-89,0.10427,0.41369,2.5,44590,18446,176906,299664,6.72
WA,f,1990-1999,90-94,0.17722,0.60299,2.35,26144,15765,88956,122759,4.70
WA,f,1990-1999,95-99,0.28377,0.77800,2.1,10379,8075,28457,33803,3.26
WA,f,1990-1999,100-104,0.41898,0.89564,1.8,2304,2064,4926,5346,2.32
WA,f,1990-1999,105-109,0.56809,0.95479,1.52,240,230,404,420,1.75
WA,f,1990-1999,110+,0.68761,1.00000,1.45,11,11,16,16,1.45
WA,f,2000-2009,0,0.00473,0.00471,0.07,100000,471,99560,8108270,81.08
WA,f,2000-2009,1-4,0.00021,0.00085,1.6,99529,85,397913,8008709,80.47
WA,f,2000-2009,5-9,0.00010,0.00051,2.44,99444,50,497093,7610796,76.53
WA,f,2000-2009,10-14,0.00012,0.00059,2.63,99394,59,496831,7113703,71.57
WA,f,2000-2009,15-19,0.00032,0.00161,2.75,99335,160,496318,6616872,66.61
WA,f,2000-2009,20-24,0.00039,0.00192,2.44,99176,191,495390,6120553,61.71
WA,f,2000-2009,25-29,0.00043,0.00215,2.57,98985,213,494406,5625163,56.83
WA,f,2000-2009,30-34,0.00060,0.00300,2.68,98772,296,493169,5130757,51.95
WA,f,2000-2009,35-39,0.00088,0.00437,2.7,98475,430,491387,4637588,47.09
WA,f,2000-2009,40-44,0.00141,0.00703,2.66,98045,690,488609,4146201,42.29
WA,f,2000-2009,45-49,0.00220,0.01096,2.64,97355,1067,484262,3657592,37.57
WA,f,2000-2009,50-54,0.00328,0.01627,2.66,96288,1567,477768,3173330,32.96
WA,f,2000-2009,55-59,0.00492,0.02433,2.68,94721,2304,468251,2695562,28.46
WA,f,2000-2009,60-64,0.00817,0.04010,2.67,92417,3706,453441,2227311,24.10
WA,f,2000-2009,65-69,0.01293,0.06276,2.65,88710,5567,430487,1773870,20.00
WA,f,2000-2009,70-74,0.02127,0.10130,2.67,83143,8423,396054,1343383,16.16
WA,f,2000-2009,75-79,0.03422,0.15831,2.64,74721,11829,345668,947330,12.68
WA,f,2000-2009,80-84,0.05581,0.24635,2.62,62891,15493,277611,601662,9.57
WA,f,2000-2009,85-89,0.09941,0.39905,2.53,47398,18914,190264,324050,6.84
WA,f,2000-2009,90-94,0.17593,0.60086,2.36,28484,17115,97285,133787,4.70
WA,f,2000-2009,95-99,0.28793,0.78401,2.1,11369,8913,30957,36501,3.21
WA,f,2000-2009,100-104,0.43126,0.90333,1.78,2456,2218,5144,5545,2.26
WA,f,2000-2009,105-109,0.58789,0.95992,1.49,237,228,388,401,1.69
WA,f,2000-2009,110+,0.71139,1.00000,1.41,10,10,13,13,1.41
WA,f,2010-2017,0,0.00420,0.00419,0.06,100000,419,99609,8235099,82.35
WA,f,2010-2017,1-4,0.00016,0.00065,1.52,99581,65,398164,8135490,81.70
WA,f,2010-2017,5-9,0.00009,0.00047,2.34,99516,47,497458,7737326,77.75
WA,f,2010-2017,10-14,0.00009,0.00044,2.85,99470,44,497254,7239868,72.78
WA,f,2010-2017,15-19,0.00023,0.00116,2.77,99426,115,496873,6742614,67.82
WA,f,2010-2017,20-24,0.00039,0.00194,2.53,99311,193,496078,6245740,62.89
WA,f,2010-2017,25-29,0.00047,0.00233,2.69,99118,231,495056,5749662,58.01
WA,f,2010-2017,30-34,0.00062,0.00309,2.65,98887,305,493718,5254606,53.14
WA,f,2010-2017,35-39,0.00083,0.00414,2.66,98582,408,491955,4760888,48.29
WA,f,2010-2017,40-44,0.00128,0.00638,2.67,98174,626,489411,4268933,43.48
WA,f,2010-2017,45-49,0.00209,0.01042,2.73,97548,1016,485426,3779523,38.75
WA,f,2010-2017,50-54,0.00325,0.01613,2.62,96531,1557,478958,3294096,34.12
WA,f,2010-2017,55-59,0.00478,0.02361,2.65,94975,2243,469612,2815138,29.64
WA,f,2010-2017,60-64,0.00684,0.03366,2.66,92732,3121,456347,2345526,25.29
WA,f,2010-2017,65-69,0.01049,0.05119,2.68,89611,4587,437406,1889179,21.08
WA,f,2010-2017,70-74,0.01763,0.08465,2.66,85024,7197,408300,1451773,17.07
WA,f,2010-2017,75-79,0.02931,0.13712,2.65,77827,10671,364097,1043473,13.41
WA,f,2010-2017,80-84,0.05010,0.22374,2.61,67155,15026,299900,679375,10.12
WA,f,2010-2017,85-89,0.08859,0.36445,2.57,52130,18999,214446,379475,7.28
WA,f,2010-2017,90-94,0.16151,0.56878,2.4,33131,18844,116676,165029,4.98
WA,f,2010-2017,95-99,0.26973,0.76137,2.14,14287,10878,40328,48353,3.38
WA,f,2010-2017,100-104,0.41183,0.89243,1.83,3409,3042,7388,8025,2.35
WA,f,2010-2017,105-109,0.57087,0.95606,1.52,367,351,614,637,1.74
WA,f,2010-2017,110+,0.69816,1.00000,1.43,16,16,23,23,1.43
