PopName,Sex,Year,Age,mx,qx,ax,lx,dx,Lx,Tx,ex
WA,m,1960-1969,0,0.02478,0.02425,0.11,100000,2425,97846,6797375,67.97
WA,m,1960-1969,1-4,0.00097,0.00387,1.67,97575,378,389423,6699529,68.66
WA,m,1960-1969,5-9,0.00049,0.00247,2.29,97198,240,485337,6310106,64.92
WA,m,1960-1969,10-14,0.00051,0.00257,2.72,96958,249,484220,5824769,60.08
WA,m,1960-1969,15-19,0.00128,0.00638,2.74,96709,617,482150,5340549,55.22
WA,m,1960-1969,20-24,0.00171,0.00853,2.51,96092,820,478418,4858399,50.56
WA,m,1960-1969,25-29,0.00158,0.00788,2.52,95272,751,474498,4379981,45.97
WA,m,1960-1969,30-34,0.00175,0.00874,2.53,94521,826,470561,3905483,41.32
WA,m,1960-1969,35-39,0.00252,0.01253,2.69,93695,1174,465764,3434922,36.66
WA,m,1960-1969,40-44,0.00412,0.02038,2.64,92521,1885,458147,2969159,32.09
WA,m,1960-1969,45-49,0.00646,0.03181,2.7,90636,2883,446560,2511012,27.70
WA,m,1960-1969,50-54,0.01072,0.05229,2.67,87753,4589,428061,2064451,23.53
WA,m,1960-1969,55-59,0.01729,0.08305,2.65,83164,6907,399596,1636391,19.68
WA,m,1960-1969,60-64,0.02675,0.12576,2.62,76257,9590,358497,1236795,16.22
WA,m,1960-1969,65-69,0.03909,0.17844,2.56,66667,11896,304317,878297,13.17
WA,m,1960-1969,70-74,0.05689,0.24956,2.54,54771,13668,240258,573981,10.48
WA,m,1960-1969,75-79,0.08427,0.34767,2.48,41103,14290,169567,333723,8.12
WA,m,1960-1969,80-84,0.12633,0.47662,2.42,26812,12779,101154,164155,6.12
WA,m,1960-1969,85-89,0.19377,0.63196,2.25,14033,8868,45768,63001,4.49
WA,m,1960-1969,90-94,0.27911,0.76788,2.07,5165,3966,14209,17233,3.34
WA,m,1960-1969,95-99,0.38386,0.86962,1.86,1199,1043,2716,3023,2.52
WA,m,1960-1969,100-104,0.50206,0.93228,1.63,156,146,290,307,1.97
WA,m,1960-1969,105-109,0.62071,0.96504,1.43,11,10,16,17,1.60
WA,m,1960-1969,110+,0.71265,1.00000,1.4,0,0,1,1,1.40
WA,m,1970-1979,0,0.01783,0.01754,0.09,100000,1754,98408,6982951,69.83
WA,m,1970-1979,1-4,0.00077,0.00307,1.7,98246,301,392290,6884542,70.07
WA,m,1970-1979,5-9,0.00044,0.00221,2.31,97944,217,489139,6492252,66.29
WA,m,1970-1979,10-14,0.00046,0.00228,2.84,97728,223,488156,6003113,61.43
WA,m,1970-1979,15-19,0.00142,0.00708,2.84,97505,690,486033,5514957,56.56
WA,m,1970-1979,20-24,0.00194,0.00963,2.45,96814,932,481691,5028924,51.94
WA,m,1970-1979,25-29,0.00175,0.00871,2.47,95882,836,477299,4547232,47.43
WA,m,1970-1979,30-34,0.00164,0.00815,2.53,95047,775,473317,4069933,42.82
WA,m,1970-1979,35-39,0.00216,0.01075,2.67,94272,1013,469004,3596615,38.15
WA,m,1970-1979,40-44,0.00330,0.01640,2.71,93259,1529,462799,3127612,33.54
WA,m,1970-1979,45-49,0.00577,0.02845,2.69,91730,2610,452624,2664813,29.05
WA,m,1970-1979,50-54,0.00914,0.04476,2.69,89120,3989,436393,2212190,24.82
WA,m,1970-1979,55-59,0.01479,0.07146,2.64,85131,6084,411315,1775797,20.86
WA,m,1970-1979,60-64,0.02297,0.10886,2.61,79048,8605,374687,1364481,17.26
WA,m,1970-1979,65-69,0.03399,0.15708,2.59,70442,11065,325559,989794,14.05
WA,m,1970-1979,70-74,0.05135,0.22818,2.56,59377,13548,263836,664235,11.19
WA,m,1970-1979,75-79,0.07805,0.32642,2.5,45829,14959,191676,400399,8.74
WA,m,1970-1979,80-84,0.11161,0.43385,2.43,30869,13393,119992,208723,6.76
WA,m,1970-1979,85-89,0.16555,0.57351,2.32,17477,10023,60543,88731,5.08
WA,m,1970-1979,90-94,0.24093,0.71456,2.15,7454,5326,22106,28189,3.78
WA,m,1970-1979,95-99,0.33415,0.82792,1.95,2128,1761,5271,6083,2.86
WA,m,1970-1979,100-104,0.44233,0.90510,1.74,366,331,749,811,2.22
WA,m,1970-1979,105-109,0.55660,0.94966,1.53,35,33,59,62,1.78
WA,m,1970-1979,110+,0.64852,1.00000,1.54,2,2,3,3,1.54
WA,m,1980-1989,0,0.01145,0.01133,0.08,100000,1133,98953,7276629,72.77
WA,m,1980-1989,1-4,0.00056,0.00224,1.64,98867,221,394946,7177676,72.60
WA,m,1980-1989,5-9,0.00027,0.00136,2.58,98646,134,492905,6782730,68.76
WA,m,1980-1989,10-14,0.00036,0.00181,2.84,98512,178,492174,6289825,63.85
WA,m,1980-1989,15-19,0.00119,0.00595,2.89,98334,585,490435,5797651,58.96
WA,m,1980-1989,20-24,0.00152,0.00759,2.51,97749,742,486895,5307216,54.29
WA,m,1980-1989,25-29,0.00152,0.00757,2.48,97007,734,483190,4820321,49.69
WA,m,1980-1989,30-34,0.00157,0.00780,2.52,96273,751,479503,4337131,45.05
WA,m,1980-1989,35-39,0.00187,0.00928,2.56,95522,887,475447,3857628,40.38
WA,m,1980-1989,40-44,0.00263,0.01308,2.65,94635,1238,470264,3382181,35.74
WA,m,1980-1989,45-49,0.00406,0.02013,2.68,93398,1880,462630,2911917,31.18
WA,m,1980-1989,50-54,0.00671,0.03302,2.69,91518,3022,450595,2449287,26.76
WA,m,1980-1989,55-59,0.01118,0.05449,2.65,88495,4822,431137,1998692,22.59
WA,m,1980-1989,60-64,0.01782,0.08547,2.63,83674,7152,401410,1567555,18.73
WA,m,1980-1989,65-69,0.02738,0.12859,2.63,76522,9840,359316,1166145,15.24
WA,m,1980-1989,70-74,0.04372,0.19770,2.58,66682,13183,301527,806830,12.10
WA,m,1980-1989,75-79,0.06614,0.28482,2.56,53499,15237,230384,505303,9.45
WA,m,1980-1989,80-84,0.10084,0.40164,2.47,38262,15368,152392,274919,7.19
WA,m,1980-1989,85-89,0.15256,0.54321,2.35,22894,12436,81515,122527,5.35
WA,m,1980-1989,90-94,0.22948,0.69729,2.19,10458,7292,31776,41012,3.92
WA,m,1980-1989,95-99,0.32592,0.82077,1.98,3166,2598,7972,9236,2.92
WA,m,1980-1989,100-104,0.43934,0.90411,1.75,567,513,1168,1264,2.23
WA,m,1980-1989,105-109,0.55983,0.95093,1.53,54,52,92,96,1.77
WA,m,1980-1989,110+,0.65667,1.00000,1.52,3,3,4,4,1.52
WA,m,1990-1999,0,0.00693,0.00689,0.06,100000,689,99355,7464367,74.64
WA,m,1990-1999,1-4,0.00038,0.00153,1.75,99311,152,396902,7365012,74.16
WA,m,1990-1999,5-9,0.00020,0.00099,2.29,99159,98,495531,6968110,70.27
WA,m,1990-1999,10-14,0.00026,0.00130,2.9,99061,129,495036,6472579,65.34
WA,m,1990-1999,15-19,0.00097,0.00484,2.9,98932,479,493658,5977543,60.42
WA,m,1990-1999,20-24,0.00141,0.00705,2.51,98453,694,490540,5483886,55.70
WA,m,1990-1999,25-29,0.00135,0.00673,2.51,97760,657,487164,4993346,51.08
WA,m,1990-1999,30-34,0.00163,0.00813,2.54,97102,789,483572,4506182,46.41
WA,m,1990-1999,35-39,0.00207,0.01032,2.56,96313,994,479143,4022609,41.77
WA,m,1990-1999,40-44,0.00274,0.01363,2.63,95319,1299,473514,3543466,37.17
WA,m,1990-1999,45-49,0.00363,0.01802,2.66,94020,1694,466132,3069953,32.65
WA,m,1990-1999,50-54,0.00543,0.02679,2.65,92326,2473,455806,2603821,28.20
WA,m,1990-1999,55-59,0.00870,0.04265,2.68,89853,3833,440368,2148015,23.91
WA,m,1990-1999,60-64,0.01471,0.07110,2.67,86020,6116,415870,1707646,19.85
WA,m,1990-1999,65-69,0.02370,0.11221,2.63,79904,8966,378297,1291777,16.17
WA,m,1990-1999,70-74,0.03723,0.17090,2.61,70938,12123,325658,913480,12.88
WA,m,1990-1999,75-79,0.05666,0.24904,2.57,58815,14647,258509,587822,9.99
WA,m,1990-1999,80-84,0.09206,0.37439,2.51,44167,16536,179619,329313,7.46
WA,m,1990-1999,85-89,0.14764,0.53251,2.38,27632,14714,99661,149694,5.42
WA,m,1990-1999,90-94,0.23101,0.70154,2.2,12918,9062,39229,50033,3.87
WA,m,1990-1999,95-99,0.34003,0.83569,1.96,3855,3222,9475,10804,2.80
WA,m,1990-1999,100-104,0.46814,0.91942,1.7,633,582,1244,1329,2.10
WA,m,1990-1999,105-109,0.60133,0.96170,1.46,51,49,82,84,1.65
WA,m,1990-1999,110+,0.70551,1.00000,1.42,2,2,3,3,1.42
WA,m,2000-2009,0,0.00587,0.00583,0.06,100000,583,99452,7670713,76.71
WA,m,2000-2009,1-4,0.00026,0.00105,1.58,99417,104,397415,7571261,76.16
WA,m,2000-2009,5-9,0.00014,0.00071,2.39,99313,70,496380,7173846,72.23
WA,m,2000-2009,10-14,0.00018,0.00088,2.85,99243,87,496026,6677466,67.28
WA,m,2000-2009,15-19,0.00075,0.00372,3.09,99156,369,495072,6181440,62.34
WA,m,2000-2009,20-24,0.00115,0.00574,2.54,98787,567,492539,5686368,57.56
WA,m,2000-2009,25-29,0.00109,0.00542,2.42,98220,532,489727,5193829,52.88
WA,m,2000-2009,30-34,0.00118,0.00588,2.62,97688,575,487073,4704102,48.15
WA,m,2000-2009,35-39,0.00152,0.00760,2.67,97113,738,483849,4217029,43.42
WA,m,2000-2009,40-44,0.00230,0.01144,2.64,96375,1103,479275,3733179,38.74
WA,m,2000-2009,45-49,0.00356,0.01767,2.66,95273,1683,472424,3253904,34.15
WA,m,2000-2009,50-54,0.00531,0.02623,2.65,93590,2455,462169,2781480,29.72
WA,m,2000-2009,55-59,0.00763,0.03748,2.62,91135,3416,447558,2319311,25.45
WA,m,2000-2009,60-64,0.01186,0.05768,2.63,87719,5060,426620,1871753,21.34
WA,m,2000-2009,65-69,0.01871,0.08957,2.62,82659,7404,395704,1445133,17.48
WA,m,2000-2009,70-74,0.03017,0.14075,2.63,75255,10592,351125,1049430,13.94
WA,m,2000-2009,75-79,0.04808,0.21548,2.59,64663,13934,289796,698305,10.80
WA,m,2000-2009,80-84,0.07806,0.32776,2.56,50730,16627,213002,408509,8.05
WA,m,2000-2009,85-89,0.13310,0.49660,2.44,34102,16935,127241,195507,5.73
WA,m,2000-2009,90-94,0.22148,0.68695,2.24,17167,11793,53246,68266,3.98
WA,m,2000-2009,95-99,0.33990,0.83732,1.97,5374,4500,13239,15020,2.79
WA,m,2000-2009,100-104,0.48232,0.92675,1.68,874,810,1680,1781,2.04
WA,m,2000-2009,105-109,0.62884,0.96775,1.42,64,62,99,101,1.58
WA,m,2000-2009,110+,0.74045,1.00000,1.35,2,2,3,3,1.35
WA,m,2010-2017,0,0.00481,0.00479,0.06,100000,479,99549,7803023,78.03
WA,m,2010-2017,1-4,0.00022,0.00090,1.58,99521,89,397868,7703475,77.41
WA,m,2010-2017,5-9,0.00010,0.00048,2.48,99432,48,497039,7305607,73.47
WA,m,2010-2017,10-14,0.00015,0.00073,3.06,99384,72,496780,6808568,68.51
WA,m,2010-2017,15-19,0.00062,0.00307,2.97,99312,305,495940,6311788,63.56
WA,m,2010-2017,20-24,0.00107,0.00536,2.53,99007,530,493723,5815848,58.74
WA,m,2010-2017,25-29,0.00113,0.00562,2.52,98476,554,491011,5322125,54.04
WA,m,2010-2017,30-34,0.00124,0.00620,2.53,97923,607,488117,4831114,49.34
WA,m,2010-2017,35-39,0.00146,0.00728,2.56,97316,709,484849,4342998,44.63
WA,m,2010-2017,40-44,0.00201,0.01001,2.65,96607,967,480760,3858149,39.94
WA,m,2010-2017,45-49,0.00309,0.01533,2.69,95640,1466,474812,3377389,35.31
WA,m,2010-2017,50-54,0.00509,0.02513,2.67,94174,2366,465360,2902577,30.82
WA,m,2010-2017,55-59,0.00769,0.03777,2.65,91808,3467,450907,2437217,26.55
WA,m,2010-2017,60-64,0.01126,0.05483,2.62,88341,4844,430177,1986310,22.48
WA,m,2010-2017,65-69,0.01604,0.07727,2.63,83497,6452,402161,1556133,18.64
WA,m,2010-2017,70-74,0.02470,0.11665,2.62,77045,8987,363868,1153972,14.98
WA,m,2010-2017,75-79,0.04059,0.18520,2.64,68058,12604,310491,790104,11.61
WA,m,2010-2017,80-84,0.06787,0.29143,2.58,55453,16161,238103,479613,8.65
WA,m,2010-2017,85-89,0.11752,0.45395,2.49,39293,17837,151782,241510,6.15
WA,m,2010-2017,90-94,0.20587,0.66116,2.3,21456,14186,68909,89729,4.18
WA,m,2010-2017,95-99,0.32974,0.82899,2,7270,6027,18278,20820,2.86
WA,m,2010-2017,100-104,0.48009,0.92660,1.69,1243,1152,2400,2542,2.04
WA,m,2010-2017,105-109,0.63553,0.96929,1.42,91,88,139,143,1.57
WA,m,2010-2017,110+,0.75275,1.00000,1.33,3,3,4,4,1.33
