PopName,Sex,Year,Age,mx,qx,ax,lx,dx,Lx,Tx,ex
CA,f,1960-1969,0,0.01859,0.01829,0.11,100000,1829,98363,7488545,74.89
CA,f,1960-1969,1-4,0.00079,0.00314,1.63,98171,308,391953,7390182,75.28
CA,f,1960-1969,5-9,0.00034,0.00171,2.25,97863,168,488854,6998229,71.51
CA,f,1960-1969,10-14,0.00028,0.00139,2.63,97696,135,488158,6509375,66.63
CA,f,1960-1969,15-19,0.00057,0.00285,2.78,97560,278,487186,6021218,61.72
CA,f,1960-1969,20-24,0.00073,0.00364,2.54,97282,354,485541,5534032,56.89
CA,f,1960-1969,25-29,0.00085,0.00423,2.56,96928,410,483641,5048491,52.08
CA,f,1960-1969,30-34,0.00118,0.00590,2.65,96518,569,481251,4564850,47.30
CA,f,1960-1969,35-39,0.00174,0.00867,2.69,95949,832,477818,4083598,42.56
CA,f,1960-1969,40-44,0.00270,0.01340,2.69,95116,1274,472635,3605780,37.91
CA,f,1960-1969,45-49,0.00419,0.02073,2.66,93842,1945,464649,3133145,33.39
CA,f,1960-1969,50-54,0.00618,0.03045,2.64,91897,2798,452879,2668496,29.04
CA,f,1960-1969,55-59,0.00877,0.04294,2.62,89098,3826,436391,2215617,24.87
CA,f,1960-1969,60-64,0.01265,0.06142,2.63,85273,5238,413977,1779226,20.87
CA,f,1960-1969,65-69,0.01930,0.09229,2.62,80035,7386,382625,1365249,17.06
CA,f,1960-1969,70-74,0.03125,0.14552,2.64,72649,10572,338276,982624,13.53
CA,f,1960-1969,75-79,0.05170,0.22982,2.59,62078,14267,275944,644348,10.38
CA,f,1960-1969,80-84,0.08606,0.35536,2.55,47811,16990,197421,368404,7.71
CA,f,1960-1969,85-89,0.14353,0.52297,2.41,30821,16118,112295,170983,5.55
CA,f,1960-1969,90-94,0.22202,0.68486,2.2,14702,10069,45351,58688,3.99
CA,f,1960-1969,95-99,0.32964,0.82615,1.98,4633,3828,11612,13337,2.88
CA,f,1960-1969,100-104,0.45786,0.91479,1.72,806,737,1609,1724,2.14
CA,f,1960-1969,105-109,0.59261,0.95986,1.48,69,66,111,115,1.68
CA,f,1960-1969,110+,0.69865,1.00000,1.43,3,3,4,4,1.43
CA,f,1970-1979,0,0.01251,0.01236,0.09,100000,1236,98872,7678953,76.79
CA,f,1970-1979,1-4,0.00064,0.00255,1.62,98764,251,394456,7580080,76.75
CA,f,1970-1979,5-9,0.00028,0.00140,2.3,98512,138,492188,7185624,72.94
CA,f,1970-1979,10-14,0.00024,0.00120,2.71,98374,118,491601,6693436,68.04
CA,f,1970-1979,15-19,0.00059,0.00294,2.77,98256,289,490638,6201836,63.12
CA,f,1970-1979,20-24,0.00076,0.00381,2.53,97967,373,488913,5711198,58.30
CA,f,1970-1979,25-29,0.00081,0.00403,2.55,97594,394,487006,5222285,53.51
CA,f,1970-1979,30-34,0.00100,0.00499,2.6,97200,485,484839,4735279,48.72
CA,f,1970-1979,35-39,0.00146,0.00726,2.65,96716,702,481927,4250439,43.95
CA,f,1970-1979,40-44,0.00232,0.01152,2.65,96014,1106,477471,3768513,39.25
CA,f,1970-1979,45-49,0.00368,0.01823,2.65,94907,1731,470471,3291042,34.68
CA,f,1970-1979,50-54,0.00544,0.02685,2.64,93177,2502,459985,2820571,30.27
CA,f,1970-1979,55-59,0.00814,0.03995,2.65,90675,3622,444872,2360586,26.03
CA,f,1970-1979,60-64,0.01192,0.05799,2.64,87053,5048,423327,1915714,22.01
CA,f,1970-1979,65-69,0.01713,0.08229,2.61,82005,6748,393894,1492387,18.20
CA,f,1970-1979,70-74,0.02673,0.12569,2.63,75257,9459,353855,1098493,14.60
CA,f,1970-1979,75-79,0.04400,0.19910,2.61,65798,13101,297723,744637,11.32
CA,f,1970-1979,80-84,0.07331,0.31103,2.56,52697,16390,223567,446914,8.48
CA,f,1970-1979,85-89,0.12260,0.46697,2.45,36307,16954,138286,223347,6.15
CA,f,1970-1979,90-94,0.19689,0.64059,2.27,19353,12397,62964,85061,4.40
CA,f,1970-1979,95-99,0.29383,0.78822,2.06,6956,5483,18659,22097,3.18
CA,f,1970-1979,100-104,0.41695,0.89295,1.8,1473,1315,3155,3438,2.33
CA,f,1970-1979,105-109,0.55171,0.94956,1.55,158,150,271,283,1.80
CA,f,1970-1979,110+,0.66081,1.00000,1.51,8,8,12,12,1.51
CA,f,1980-1989,0,0.00884,0.00877,0.08,100000,877,99191,7843882,78.44
CA,f,1980-1989,1-4,0.00047,0.00188,1.54,99123,186,396035,7744691,78.13
CA,f,1980-1989,5-9,0.00021,0.00106,2.37,98937,105,494410,7348656,74.28
CA,f,1980-1989,10-14,0.00020,0.00101,2.77,98832,100,493939,6854246,69.35
CA,f,1980-1989,15-19,0.00047,0.00236,2.72,98732,233,493131,6360307,64.42
CA,f,1980-1989,20-24,0.00055,0.00276,2.52,98499,272,491820,5867176,59.57
CA,f,1980-1989,25-29,0.00063,0.00315,2.55,98227,310,490374,5375356,54.72
CA,f,1980-1989,30-34,0.00078,0.00390,2.61,97917,382,488673,4884982,49.89
CA,f,1980-1989,35-39,0.00111,0.00555,2.65,97535,541,486406,4396309,45.07
CA,f,1980-1989,40-44,0.00175,0.00870,2.68,96994,843,483018,3909903,40.31
CA,f,1980-1989,45-49,0.00282,0.01400,2.69,96151,1346,477650,3426885,35.64
CA,f,1980-1989,50-54,0.00450,0.02226,2.66,94805,2110,469082,2949234,31.11
CA,f,1980-1989,55-59,0.00709,0.03486,2.67,92695,3231,455933,2480152,26.76
CA,f,1980-1989,60-64,0.01094,0.05331,2.63,89463,4770,436020,2024219,22.63
CA,f,1980-1989,65-69,0.01625,0.07823,2.62,84694,6626,407715,1588199,18.75
CA,f,1980-1989,70-74,0.02540,0.11976,2.63,78068,9349,368146,1180483,15.12
CA,f,1980-1989,75-79,0.03967,0.18107,2.59,68719,12443,313667,812338,11.82
CA,f,1980-1989,80-84,0.06773,0.29078,2.57,56276,16364,241603,498671,8.86
CA,f,1980-1989,85-89,0.11387,0.44230,2.48,39912,17653,155033,257068,6.44
CA,f,1980-1989,90-94,0.18538,0.61929,2.32,22259,13785,74358,102035,4.58
CA,f,1980-1989,95-99,0.28399,0.77687,2.09,8474,6583,23182,27677,3.27
CA,f,1980-1989,100-104,0.40853,0.88816,1.82,1891,1679,4111,4495,2.38
CA,f,1980-1989,105-109,0.54632,0.94823,1.56,211,201,367,384,1.81
CA,f,1980-1989,110+,0.65834,1.00000,1.52,11,11,17,17,1.52
CA,f,1990-1999,0,0.00629,0.00626,0.07,100000,626,99419,7975549,79.76
CA,f,1990-1999,1-4,0.00033,0.00130,1.58,99374,130,397184,7876130,79.26
CA,f,1990-1999,5-9,0.00015,0.00074,2.4,99245,74,496033,7478946,75.36
CA,f,1990-1999,10-14,0.00017,0.00084,2.81,99171,83,495674,6982913,70.41
CA,f,1990-1999,15-19,0.00039,0.00193,2.72,99088,191,495006,6487239,65.47
CA,f,1990-1999,20-24,0.00045,0.00224,2.46,98897,222,493924,5992233,60.59
CA,f,1990-1999,25-29,0.00050,0.00249,2.59,98676,245,492786,5498310,55.72
CA,f,1990-1999,30-34,0.00069,0.00344,2.68,98430,339,491366,5005523,50.85
CA,f,1990-1999,35-39,0.00104,0.00518,2.68,98091,508,489276,4514157,46.02
CA,f,1990-1999,40-44,0.00161,0.00802,2.68,97583,782,486104,4024881,41.25
CA,f,1990-1999,45-49,0.00244,0.01214,2.67,96801,1176,481263,3538777,36.56
CA,f,1990-1999,50-54,0.00382,0.01894,2.68,95626,1811,473925,3057514,31.97
CA,f,1990-1999,55-59,0.00610,0.03008,2.68,93815,2822,462515,2583589,27.54
CA,f,1990-1999,60-64,0.00961,0.04698,2.64,90993,4275,444891,2121074,23.31
CA,f,1990-1999,65-69,0.01473,0.07117,2.65,86717,6172,419077,1676183,19.33
CA,f,1990-1999,70-74,0.02315,0.10973,2.63,80545,8838,381757,1257106,15.61
CA,f,1990-1999,75-79,0.03656,0.16813,2.62,71707,12056,329796,875349,12.21
CA,f,1990-1999,80-84,0.06380,0.27647,2.59,59651,16492,258486,545553,9.15
CA,f,1990-1999,85-89,0.10695,0.42191,2.5,43159,18209,170256,287067,6.65
CA,f,1990-1999,90-94,0.17932,0.60739,2.34,24950,15155,84513,116811,4.68
CA,f,1990-1999,95-99,0.28028,0.77283,2.1,9796,7570,27010,32298,3.30
CA,f,1990-1999,100-104,0.40838,0.88853,1.82,2225,1977,4842,5288,2.38
CA,f,1990-1999,105-109,0.55057,0.94972,1.55,248,236,428,447,1.80
CA,f,1990-1999,110+,0.66595,1.00000,1.5,12,12,19,19,1.50
CA,f,2000-2009,0,0.00498,0.00496,0.07,100000,496,99537,8131324,81.31
CA,f,2000-2009,1-4,0.00023,0.00092,1.58,99504,91,397794,8031787,80.72
CA,f,2000-2009,5-9,0.00012,0.00059,2.37,99412,59,496908,7633993,76.79
CA,f,2000-2009,10-14,0.00013,0.00064,2.77,99354,64,496627,7137085,71.84
CA,f,2000-2009,15-19,0.00029,0.00147,2.82,99290,146,496133,6640458,66.88
CA,f,2000-2009,20-24,0.00038,0.00187,2.48,99144,186,495254,6144325,61.97
CA,f,2000-2009,25-29,0.00041,0.00207,2.57,98959,205,494294,5649071,57.09
CA,f,2000-2009,30-34,0.00055,0.00274,2.67,98753,270,493138,5154777,52.20
CA,f,2000-2009,35-39,0.00086,0.00427,2.71,98483,421,491453,4661639,47.33
CA,f,2000-2009,40-44,0.00141,0.00705,2.7,98062,691,488725,4170186,42.53
CA,f,2000-2009,45-49,0.00227,0.01127,2.66,97371,1097,484293,3681461,37.81
CA,f,2000-2009,50-54,0.00340,0.01684,2.65,96274,1622,477552,3197168,33.21
CA,f,2000-2009,55-59,0.00502,0.02479,2.66,94652,2346,467781,2719616,28.73
CA,f,2000-2009,60-64,0.00777,0.03816,2.66,92306,3522,453289,2251835,24.40
CA,f,2000-2009,65-69,0.01216,0.05909,2.66,88784,5247,431618,1798546,20.26
CA,f,2000-2009,70-74,0.01939,0.09274,2.65,83537,7747,399507,1366928,16.36
CA,f,2000-2009,75-79,0.03163,0.14716,2.63,75790,11153,352552,967421,12.76
CA,f,2000-2009,80-84,0.05666,0.24958,2.62,64637,16132,284739,614870,9.51
CA,f,2000-2009,85-89,0.10101,0.40431,2.53,48505,19611,194155,330131,6.81
CA,f,2000-2009,90-94,0.17614,0.60038,2.35,28894,17347,98487,135975,4.71
CA,f,2000-2009,95-99,0.28438,0.77930,2.1,11547,8998,31642,37488,3.25
CA,f,2000-2009,100-104,0.42395,0.89894,1.8,2548,2291,5404,5846,2.29
CA,f,2000-2009,105-109,0.57744,0.95733,1.51,258,247,427,443,1.72
CA,f,2000-2009,110+,0.69956,1.00000,1.43,11,11,16,16,1.43
CA,f,2010-2017,0,0.00410,0.00408,0.06,100000,408,99618,8321596,83.22
CA,f,2010-2017,1-4,0.00018,0.00071,1.63,99592,71,398200,8221978,82.56
CA,f,2010-2017,5-9,0.00008,0.00042,2.35,99521,42,497496,7823777,78.61
CA,f,2010-2017,10-14,0.00010,0.00049,2.74,99480,49,497288,7326281,73.65
CA,f,2010-2017,15-19,0.00021,0.00105,2.88,99431,105,496931,6828993,68.68
CA,f,2010-2017,20-24,0.00033,0.00167,2.55,99326,166,496223,6332062,63.75
CA,f,2010-2017,25-29,0.00040,0.00199,2.53,99160,197,495313,5835839,58.85
CA,f,2010-2017,30-34,0.00053,0.00266,2.61,98963,263,494183,5340526,53.97
CA,f,2010-2017,35-39,0.00075,0.00376,2.64,98699,371,492622,4846343,49.10
CA,f,2010-2017,40-44,0.00115,0.00575,2.68,98328,565,490329,4353721,44.28
CA,f,2010-2017,45-49,0.00187,0.00932,2.69,97763,912,486711,3863392,39.52
CA,f,2010-2017,50-54,0.00300,0.01491,2.65,96851,1444,480869,3376681,34.86
CA,f,2010-2017,55-59,0.00448,0.02215,2.63,95407,2113,472033,2895812,30.35
CA,f,2010-2017,60-64,0.00662,0.03257,2.64,93294,3038,459311,2423779,25.98
CA,f,2010-2017,65-69,0.00986,0.04817,2.66,90256,4347,441099,1964468,21.77
CA,f,2010-2017,70-74,0.01556,0.07506,2.66,85908,6449,414462,1523368,17.73
CA,f,2010-2017,75-79,0.02612,0.12308,2.66,79460,9780,374390,1108906,13.96
CA,f,2010-2017,80-84,0.04549,0.20542,2.64,69679,14313,314631,734516,10.54
CA,f,2010-2017,85-89,0.08278,0.34486,2.58,55366,19093,230649,419886,7.58
CA,f,2010-2017,90-94,0.15163,0.54468,2.42,36273,19757,130295,189237,5.22
CA,f,2010-2017,95-99,0.25258,0.73750,2.18,16516,12180,48224,58941,3.57
CA,f,2010-2017,100-104,0.39001,0.87828,1.87,4335,3808,9763,10717,2.47
CA,f,2010-2017,105-109,0.54764,0.94990,1.56,528,501,915,954,1.81
CA,f,2010-2017,110+,0.67632,1.00000,1.48,26,26,39,39,1.48
