PopName,Sex,Year,Age,mx,qx,ax,lx,dx,Lx,Tx,ex
CA,m,1960-1969,0,0.02484,0.02431,0.11,100000,2431,97841,6765032,67.65
CA,m,1960-1969,1-4,0.00099,0.00395,1.65,97569,385,389372,6667192,68.33
CA,m,1960-1969,5-9,0.00047,0.00236,2.32,97184,229,485308,6277820,64.60
CA,m,1960-1969,10-14,0.00044,0.00218,2.75,96955,211,484301,5792512,59.74
CA,m,1960-1969,15-19,0.00131,0.00654,2.9,96744,633,482395,5308211,54.87
CA,m,1960-1969,20-24,0.00186,0.00928,2.47,96111,892,478301,4825816,50.21
CA,m,1960-1969,25-29,0.00177,0.00882,2.52,95219,839,474016,4347515,45.66
CA,m,1960-1969,30-34,0.00200,0.00996,2.6,94380,940,469646,3873499,41.04
CA,m,1960-1969,35-39,0.00276,0.01371,2.66,93440,1281,464199,3403853,36.43
CA,m,1960-1969,40-44,0.00434,0.02148,2.7,92159,1980,456247,2939654,31.90
CA,m,1960-1969,45-49,0.00702,0.03452,2.68,90179,3113,443667,2483408,27.54
CA,m,1960-1969,50-54,0.01142,0.05561,2.67,87066,4841,424032,2039741,23.43
CA,m,1960-1969,55-59,0.01795,0.08611,2.63,82225,7080,394376,1615708,19.65
CA,m,1960-1969,60-64,0.02685,0.12615,2.61,75145,9480,353082,1221333,16.25
CA,m,1960-1969,65-69,0.03987,0.18166,2.56,65665,11929,299209,868250,13.22
CA,m,1960-1969,70-74,0.05752,0.25192,2.54,53737,13537,235336,569041,10.59
CA,m,1960-1969,75-79,0.08237,0.34094,2.48,40199,13706,166399,333705,8.30
CA,m,1960-1969,80-84,0.12255,0.46585,2.43,26494,12342,100713,167306,6.31
CA,m,1960-1969,85-89,0.18332,0.61212,2.29,14152,8663,47255,66593,4.71
CA,m,1960-1969,90-94,0.26250,0.74566,2.1,5489,4093,15593,19339,3.52
CA,m,1960-1969,95-99,0.35878,0.84964,1.9,1396,1186,3306,3746,2.68
CA,m,1960-1969,100-104,0.46940,0.91830,1.69,210,193,411,440,2.10
CA,m,1960-1969,105-109,0.58355,0.95668,1.49,17,16,28,29,1.70
CA,m,1960-1969,110+,0.67410,1.00000,1.48,1,1,1,1,1.48
CA,m,1970-1979,0,0.01623,0.01600,0.09,100000,1600,98542,6965332,69.65
CA,m,1970-1979,1-4,0.00085,0.00338,1.7,98400,333,392836,6866790,69.78
CA,m,1970-1979,5-9,0.00040,0.00200,2.29,98068,196,489806,6473953,66.02
CA,m,1970-1979,10-14,0.00040,0.00197,2.78,97872,193,488929,5984147,61.14
CA,m,1970-1979,15-19,0.00149,0.00742,2.98,97678,725,486924,5495218,56.26
CA,m,1970-1979,20-24,0.00214,0.01064,2.48,96953,1032,482166,5008294,51.66
CA,m,1970-1979,25-29,0.00199,0.00988,2.48,95922,948,477218,4526128,47.19
CA,m,1970-1979,30-34,0.00199,0.00988,2.54,94974,938,472559,4048910,42.63
CA,m,1970-1979,35-39,0.00253,0.01255,2.63,94036,1180,467380,3576351,38.03
CA,m,1970-1979,40-44,0.00377,0.01871,2.66,92856,1737,460219,3108971,33.48
CA,m,1970-1979,45-49,0.00599,0.02953,2.67,91118,2690,449332,2648752,29.07
CA,m,1970-1979,50-54,0.00934,0.04572,2.65,88428,4043,432635,2199420,24.87
CA,m,1970-1979,55-59,0.01457,0.07043,2.64,84385,5943,407928,1766785,20.94
CA,m,1970-1979,60-64,0.02281,0.10821,2.63,78442,8489,372082,1358858,17.32
CA,m,1970-1979,65-69,0.03400,0.15710,2.59,69954,10990,323271,986776,14.11
CA,m,1970-1979,70-74,0.05071,0.22561,2.56,58964,13303,262354,663505,11.25
CA,m,1970-1979,75-79,0.07597,0.31931,2.5,45661,14580,191913,401150,8.79
CA,m,1970-1979,80-84,0.11203,0.43538,2.44,31081,13532,120787,209238,6.73
CA,m,1970-1979,85-89,0.16726,0.57731,2.32,17549,10131,60571,88450,5.04
CA,m,1970-1979,90-94,0.24343,0.71930,2.16,7418,5336,21918,27879,3.76
CA,m,1970-1979,95-99,0.33370,0.82740,1.95,2082,1723,5163,5961,2.86
CA,m,1970-1979,100-104,0.44102,0.90432,1.74,359,325,737,799,2.22
CA,m,1970-1979,105-109,0.55445,0.94900,1.53,34,33,59,62,1.79
CA,m,1970-1979,110+,0.64579,1.00000,1.55,2,2,3,3,1.55
CA,m,1980-1989,0,0.01091,0.01080,0.07,100000,1080,99000,7178921,71.79
CA,m,1980-1989,1-4,0.00060,0.00240,1.63,98920,238,395115,7079922,71.57
CA,m,1980-1989,5-9,0.00030,0.00152,2.39,98682,150,493018,6684806,67.74
CA,m,1980-1989,10-14,0.00033,0.00162,2.82,98532,160,492312,6191788,62.84
CA,m,1980-1989,15-19,0.00124,0.00619,2.95,98372,609,490614,5699476,57.94
CA,m,1980-1989,20-24,0.00175,0.00870,2.5,97763,851,486693,5208863,53.28
CA,m,1980-1989,25-29,0.00180,0.00897,2.52,96913,869,482407,4722170,48.73
CA,m,1980-1989,30-34,0.00213,0.01062,2.56,96043,1020,477731,4239763,44.14
CA,m,1980-1989,35-39,0.00262,0.01302,2.57,95024,1237,472110,3762033,39.59
CA,m,1980-1989,40-44,0.00338,0.01678,2.6,93787,1574,465163,3289923,35.08
CA,m,1980-1989,45-49,0.00492,0.02433,2.64,92213,2243,455771,2824759,30.63
CA,m,1980-1989,50-54,0.00777,0.03817,2.66,89970,3434,441829,2368988,26.33
CA,m,1980-1989,55-59,0.01221,0.05933,2.64,86536,5134,420576,1927159,22.27
CA,m,1980-1989,60-64,0.01877,0.08984,2.63,81402,7313,389669,1506583,18.51
CA,m,1980-1989,65-69,0.02813,0.13183,2.62,74088,9767,347206,1116915,15.08
CA,m,1980-1989,70-74,0.04361,0.19727,2.59,64321,12689,290980,769708,11.97
CA,m,1980-1989,75-79,0.06658,0.28593,2.53,51632,14763,221754,478728,9.27
CA,m,1980-1989,80-84,0.10532,0.41520,2.45,36869,15308,145352,256975,6.97
CA,m,1980-1989,85-89,0.15998,0.56129,2.34,21561,12102,75646,111623,5.18
CA,m,1980-1989,90-94,0.23883,0.71298,2.17,9459,6744,28238,35977,3.80
CA,m,1980-1989,95-99,0.33471,0.82908,1.96,2715,2251,6725,7740,2.85
CA,m,1980-1989,100-104,0.44819,0.90861,1.73,464,422,941,1015,2.19
CA,m,1980-1989,105-109,0.56775,0.95299,1.51,42,40,71,74,1.75
CA,m,1980-1989,110+,0.66340,1.00000,1.51,2,2,3,3,1.51
CA,m,1990-1999,0,0.00759,0.00754,0.07,100000,754,99296,7374239,73.74
CA,m,1990-1999,1-4,0.00039,0.00157,1.58,99246,156,396607,7274943,73.30
CA,m,1990-1999,5-9,0.00019,0.00095,2.41,99090,94,495207,6878336,69.42
CA,m,1990-1999,10-14,0.00027,0.00135,2.95,98996,134,494705,6383130,64.48
CA,m,1990-1999,15-19,0.00116,0.00577,2.93,98862,570,493126,5888424,59.56
CA,m,1990-1999,20-24,0.00153,0.00760,2.46,98292,748,489560,5395298,54.89
CA,m,1990-1999,25-29,0.00152,0.00756,2.56,97544,738,485920,4905738,50.29
CA,m,1990-1999,30-34,0.00202,0.01007,2.64,96807,975,481733,4419818,45.66
CA,m,1990-1999,35-39,0.00267,0.01324,2.62,95832,1269,476134,3938085,41.09
CA,m,1990-1999,40-44,0.00355,0.01759,2.61,94562,1663,468831,3461952,36.61
CA,m,1990-1999,45-49,0.00469,0.02318,2.59,92899,2153,459295,2993120,32.22
CA,m,1990-1999,50-54,0.00649,0.03195,2.64,90746,2899,446888,2533826,27.92
CA,m,1990-1999,55-59,0.00989,0.04833,2.65,87846,4246,429240,2086938,23.76
CA,m,1990-1999,60-64,0.01571,0.07576,2.65,83601,6333,403108,1657698,19.83
CA,m,1990-1999,65-69,0.02329,0.11033,2.63,77267,8525,366092,1254590,16.24
CA,m,1990-1999,70-74,0.03627,0.16679,2.6,68743,11466,316164,888497,12.92
CA,m,1990-1999,75-79,0.05553,0.24446,2.55,57277,14002,252140,572334,9.99
CA,m,1990-1999,80-84,0.09394,0.38050,2.5,43275,16466,175280,320194,7.40
CA,m,1990-1999,85-89,0.14895,0.53595,2.38,26809,14368,96460,144914,5.41
CA,m,1990-1999,90-94,0.23020,0.70002,2.2,12441,8709,37832,48454,3.89
CA,m,1990-1999,95-99,0.33438,0.83001,1.97,3732,3098,9264,10622,2.85
CA,m,1990-1999,100-104,0.45796,0.91436,1.72,634,580,1267,1359,2.14
CA,m,1990-1999,105-109,0.58754,0.95843,1.49,54,52,89,92,1.69
CA,m,1990-1999,110+,0.68993,1.00000,1.45,2,2,3,3,1.45
CA,m,2000-2009,0,0.00599,0.00595,0.06,100000,595,99441,7659092,76.59
CA,m,2000-2009,1-4,0.00029,0.00116,1.62,99405,115,397344,7559651,76.05
CA,m,2000-2009,5-9,0.00014,0.00070,2.38,99290,69,496267,7162307,72.14
CA,m,2000-2009,10-14,0.00018,0.00089,2.83,99220,88,495911,6666040,67.18
CA,m,2000-2009,15-19,0.00079,0.00393,3.04,99132,389,494900,6170129,62.24
CA,m,2000-2009,20-24,0.00121,0.00601,2.45,98743,593,492205,5675229,57.47
CA,m,2000-2009,25-29,0.00110,0.00551,2.49,98150,540,489390,5183024,52.81
CA,m,2000-2009,30-34,0.00121,0.00604,2.61,97609,589,486636,4693634,48.09
CA,m,2000-2009,35-39,0.00163,0.00812,2.64,97020,788,483240,4206998,43.36
CA,m,2000-2009,40-44,0.00248,0.01232,2.66,96232,1186,478390,3723758,38.70
CA,m,2000-2009,45-49,0.00386,0.01914,2.67,95046,1820,470995,3245367,34.15
CA,m,2000-2009,50-54,0.00579,0.02854,2.64,93227,2661,459850,2774372,29.76
CA,m,2000-2009,55-59,0.00833,0.04085,2.63,90566,3700,444049,2314522,25.56
CA,m,2000-2009,60-64,0.01226,0.05955,2.64,86867,5173,422102,1870473,21.53
CA,m,2000-2009,65-69,0.01831,0.08773,2.63,81694,7167,391499,1448371,17.73
CA,m,2000-2009,70-74,0.02834,0.13279,2.63,74526,9896,349159,1056872,14.18
CA,m,2000-2009,75-79,0.04540,0.20460,2.59,64630,13224,291280,707714,10.95
CA,m,2000-2009,80-84,0.07767,0.32638,2.56,51407,16778,216022,416434,8.10
CA,m,2000-2009,85-89,0.13147,0.49236,2.45,34629,17050,129691,200412,5.79
CA,m,2000-2009,90-94,0.21867,0.68294,2.25,17579,12005,54902,70721,4.02
CA,m,2000-2009,95-99,0.33406,0.83174,1.98,5573,4636,13877,15819,2.84
CA,m,2000-2009,100-104,0.47414,0.92317,1.69,938,866,1826,1942,2.07
CA,m,2000-2009,105-109,0.61947,0.96594,1.44,72,70,112,116,1.61
CA,m,2000-2009,110+,0.73116,1.00000,1.37,2,2,3,3,1.37
CA,m,2010-2017,0,0.00483,0.00481,0.06,100000,481,99547,7863856,78.64
CA,m,2010-2017,1-4,0.00021,0.00083,1.62,99519,83,397878,7764310,78.02
CA,m,2010-2017,5-9,0.00010,0.00050,2.45,99436,49,497053,7366432,74.08
CA,m,2010-2017,10-14,0.00013,0.00066,2.81,99387,66,496788,6869379,69.12
CA,m,2010-2017,15-19,0.00056,0.00279,3.1,99321,277,496077,6372590,64.16
CA,m,2010-2017,20-24,0.00103,0.00516,2.53,99043,511,493953,5876513,59.33
CA,m,2010-2017,25-29,0.00108,0.00537,2.52,98532,529,491349,5382560,54.63
CA,m,2010-2017,30-34,0.00118,0.00590,2.56,98003,578,488605,4891211,49.91
CA,m,2010-2017,35-39,0.00143,0.00715,2.58,97425,697,485437,4402605,45.19
CA,m,2010-2017,40-44,0.00196,0.00974,2.65,96728,942,481430,3917168,40.50
CA,m,2010-2017,45-49,0.00311,0.01542,2.7,95786,1477,475533,3435738,35.87
CA,m,2010-2017,50-54,0.00493,0.02437,2.67,94309,2298,466196,2960205,31.39
CA,m,2010-2017,55-59,0.00767,0.03766,2.65,92010,3465,451912,2494009,27.11
CA,m,2010-2017,60-64,0.01115,0.05429,2.62,88545,4807,431274,2042097,23.06
CA,m,2010-2017,65-69,0.01552,0.07483,2.62,83738,6266,403764,1610822,19.24
CA,m,2010-2017,70-74,0.02336,0.11068,2.63,77472,8575,366998,1207059,15.58
CA,m,2010-2017,75-79,0.03696,0.16981,2.61,68897,11699,316574,840061,12.19
CA,m,2010-2017,80-84,0.06131,0.26712,2.59,57198,15279,249202,523487,9.15
CA,m,2010-2017,85-89,0.10735,0.42390,2.52,41919,17769,165522,274285,6.54
CA,m,2010-2017,90-94,0.18745,0.62522,2.34,24150,15099,80550,108763,4.50
CA,m,2010-2017,95-99,0.29869,0.79610,2.07,9051,7205,24123,28213,3.12
CA,m,2010-2017,100-104,0.44038,0.90781,1.76,1845,1675,3804,4089,2.22
CA,m,2010-2017,105-109,0.59334,0.96094,1.48,170,163,276,285,1.67
CA,m,2010-2017,110+,0.71340,1.00000,1.4,7,7,9,9,1.40
