PopName,Sex,Year,Age,mx,qx,ax,lx,dx,Lx,Tx,ex
LA,m,1960-1969,0,0.03299,0.03207,0.13,100000,3207,97221,6453712,64.54
LA,m,1960-1969,1-4,0.00140,0.00556,1.57,96793,538,385864,6356491,65.67
LA,m,1960-1969,5-9,0.00055,0.00277,2.33,96254,266,480560,5970627,62.03
LA,m,1960-1969,10-14,0.00067,0.00333,2.77,95988,319,479228,5490067,57.20
LA,m,1960-1969,15-19,0.00181,0.00900,2.89,95669,861,476529,5010839,52.38
LA,m,1960-1969,20-24,0.00253,0.01256,2.52,94807,1191,471078,4534310,47.83
LA,m,1960-1969,25-29,0.00256,0.01272,2.49,93617,1191,465093,4063232,43.40
LA,m,1960-1969,30-34,0.00283,0.01403,2.58,92426,1297,458992,3598139,38.93
LA,m,1960-1969,35-39,0.00392,0.01940,2.64,91129,1768,451481,3139148,34.45
LA,m,1960-1969,40-44,0.00579,0.02858,2.65,89361,2554,440801,2687667,30.08
LA,m,1960-1969,45-49,0.00923,0.04519,2.67,86808,3923,424912,2246866,25.88
LA,m,1960-1969,50-54,0.01443,0.06975,2.63,82885,5781,400722,1821954,21.98
LA,m,1960-1969,55-59,0.02128,0.10126,2.62,77104,7807,366937,1421231,18.43
LA,m,1960-1969,60-64,0.03174,0.14750,2.61,69297,10221,322045,1054295,15.21
LA,m,1960-1969,65-69,0.04746,0.21241,2.53,59075,12548,264413,732250,12.40
LA,m,1960-1969,70-74,0.06613,0.28381,2.5,46527,13205,199674,467837,10.06
LA,m,1960-1969,75-79,0.08800,0.35862,2.42,33323,11950,135797,268163,8.05
LA,m,1960-1969,80-84,0.13169,0.48988,2.39,21372,10470,79502,132366,6.19
LA,m,1960-1969,85-89,0.18293,0.60799,2.24,10902,6629,36236,52864,4.85
LA,m,1960-1969,90-94,0.23732,0.70593,2.13,4274,3017,12713,16628,3.89
LA,m,1960-1969,95-99,0.30640,0.79652,1.99,1257,1001,3267,3914,3.11
LA,m,1960-1969,100-104,0.38522,0.86700,1.83,256,222,576,647,2.53
LA,m,1960-1969,105-109,0.47056,0.91649,1.67,34,31,66,72,2.10
LA,m,1960-1969,110+,0.54048,1.00000,1.85,3,3,5,5,1.85
LA,m,1970-1979,0,0.02244,0.02200,0.11,100000,2200,98031,6608971,66.09
LA,m,1970-1979,1-4,0.00098,0.00390,1.67,97800,382,390309,6510940,66.57
LA,m,1970-1979,5-9,0.00052,0.00258,2.43,97418,251,486443,6120631,62.83
LA,m,1970-1979,10-14,0.00062,0.00309,2.8,97167,300,485175,5634188,57.98
LA,m,1970-1979,15-19,0.00184,0.00917,2.85,96867,888,482422,5149013,53.16
LA,m,1970-1979,20-24,0.00248,0.01233,2.54,95979,1183,476985,4666591,48.62
LA,m,1970-1979,25-29,0.00255,0.01265,2.47,94795,1199,470943,4189606,44.20
LA,m,1970-1979,30-34,0.00274,0.01362,2.56,93597,1275,464869,3718663,39.73
LA,m,1970-1979,35-39,0.00380,0.01883,2.61,92322,1739,457457,3253793,35.24
LA,m,1970-1979,40-44,0.00545,0.02688,2.65,90583,2435,447199,2796336,30.87
LA,m,1970-1979,45-49,0.00869,0.04259,2.67,88148,3754,431991,2349137,26.65
LA,m,1970-1979,50-54,0.01331,0.06450,2.63,84394,5443,409069,1917145,22.72
LA,m,1970-1979,55-59,0.01977,0.09441,2.61,78950,7454,376952,1508077,19.10
LA,m,1970-1979,60-64,0.02958,0.13810,2.6,71497,9874,333755,1131125,15.82
LA,m,1970-1979,65-69,0.04293,0.19423,2.55,61623,11969,278803,797370,12.94
LA,m,1970-1979,70-74,0.06052,0.26296,2.51,49654,13057,215734,518567,10.44
LA,m,1970-1979,75-79,0.08465,0.34856,2.47,36597,12756,150704,302833,8.27
LA,m,1970-1979,80-84,0.12643,0.47536,2.39,23841,11333,89637,152129,6.38
LA,m,1970-1979,85-89,0.17601,0.59343,2.26,12508,7423,42171,62492,5.00
LA,m,1970-1979,90-94,0.22976,0.69405,2.15,5085,3529,15361,20321,4.00
LA,m,1970-1979,95-99,0.29836,0.78769,2,1556,1226,4108,4960,3.19
LA,m,1970-1979,100-104,0.37718,0.86118,1.85,330,284,754,852,2.58
LA,m,1970-1979,105-109,0.46304,0.91306,1.68,46,42,90,98,2.13
LA,m,1970-1979,110+,0.53354,1.00000,1.87,4,4,7,7,1.87
LA,m,1980-1989,0,0.01401,0.01383,0.08,100000,1383,98731,6875359,68.75
LA,m,1980-1989,1-4,0.00075,0.00298,1.68,98617,294,393786,6776628,68.72
LA,m,1980-1989,5-9,0.00035,0.00175,2.48,98323,172,491182,6382842,64.92
LA,m,1980-1989,10-14,0.00048,0.00239,2.7,98151,235,490215,5891661,60.03
LA,m,1980-1989,15-19,0.00152,0.00757,2.92,97916,741,488042,5401446,55.16
LA,m,1980-1989,20-24,0.00230,0.01143,2.56,97175,1110,483169,4913404,50.56
LA,m,1980-1989,25-29,0.00233,0.01157,2.5,96065,1112,477540,4430235,46.12
LA,m,1980-1989,30-34,0.00256,0.01271,2.58,94953,1207,471846,3952695,41.63
LA,m,1980-1989,35-39,0.00301,0.01496,2.59,93746,1402,465352,3480849,37.13
LA,m,1980-1989,40-44,0.00444,0.02196,2.68,92344,2028,457015,3015496,32.65
LA,m,1980-1989,45-49,0.00670,0.03297,2.68,90316,2978,444669,2558481,28.33
LA,m,1980-1989,50-54,0.01053,0.05135,2.63,87338,4485,426080,2113812,24.20
LA,m,1980-1989,55-59,0.01649,0.07938,2.65,82853,6577,398827,1687732,20.37
LA,m,1980-1989,60-64,0.02408,0.11380,2.59,76276,8680,360498,1288905,16.90
LA,m,1980-1989,65-69,0.03686,0.16916,2.58,67595,11435,310250,928406,13.73
LA,m,1980-1989,70-74,0.05400,0.23859,2.56,56161,13399,248119,618156,11.01
LA,m,1980-1989,75-79,0.07780,0.32543,2.49,42761,13916,178866,370038,8.65
LA,m,1980-1989,80-84,0.11806,0.45209,2.41,28845,13041,110459,191172,6.63
LA,m,1980-1989,85-89,0.16787,0.57640,2.28,15805,9110,54265,80713,5.11
LA,m,1980-1989,90-94,0.23091,0.69717,2.16,6695,4667,20213,26448,3.95
LA,m,1980-1989,95-99,0.30924,0.80106,1.99,2027,1624,5252,6235,3.08
LA,m,1980-1989,100-104,0.40000,0.87854,1.81,403,354,886,983,2.44
LA,m,1980-1989,105-109,0.49824,0.92921,1.63,49,46,91,97,1.99
LA,m,1980-1989,110+,0.57879,1.00000,1.73,3,3,6,6,1.73
LA,m,1990-1999,0,0.01151,0.01139,0.08,100000,1139,98947,6987744,69.88
LA,m,1990-1999,1-4,0.00061,0.00242,1.66,98861,239,394884,6888797,69.68
LA,m,1990-1999,5-9,0.00028,0.00140,2.4,98622,138,492748,6493913,65.85
LA,m,1990-1999,10-14,0.00039,0.00195,3.03,98483,192,492041,6001164,60.94
LA,m,1990-1999,15-19,0.00167,0.00831,2.97,98292,817,489801,5509124,56.05
LA,m,1990-1999,20-24,0.00244,0.01212,2.49,97475,1181,484414,5019322,51.49
LA,m,1990-1999,25-29,0.00250,0.01241,2.54,96294,1195,478531,4534909,47.09
LA,m,1990-1999,30-34,0.00285,0.01417,2.55,95098,1348,472196,4056378,42.65
LA,m,1990-1999,35-39,0.00344,0.01707,2.57,93751,1600,464872,3584182,38.23
LA,m,1990-1999,40-44,0.00433,0.02145,2.61,92151,1977,456028,3119309,33.85
LA,m,1990-1999,45-49,0.00615,0.03029,2.64,90174,2732,444431,2663281,29.53
LA,m,1990-1999,50-54,0.00898,0.04399,2.65,87442,3847,428170,2218850,25.38
LA,m,1990-1999,55-59,0.01431,0.06920,2.63,83595,5785,404290,1790680,21.42
LA,m,1990-1999,60-64,0.02138,0.10175,2.63,77811,7917,370327,1386390,17.82
LA,m,1990-1999,65-69,0.03205,0.14881,2.6,69893,10401,324480,1016062,14.54
LA,m,1990-1999,70-74,0.04658,0.20930,2.58,59492,12452,267306,691582,11.62
LA,m,1990-1999,75-79,0.06947,0.29618,2.51,47041,13933,200563,424277,9.02
LA,m,1990-1999,80-84,0.11182,0.43484,2.44,33108,14397,128754,223713,6.76
LA,m,1990-1999,85-89,0.16644,0.57325,2.29,18711,10726,64446,94959,5.07
LA,m,1990-1999,90-94,0.23830,0.71029,2.16,7985,5672,23800,30514,3.82
LA,m,1990-1999,95-99,0.32883,0.82253,1.96,2313,1903,5787,6713,2.90
LA,m,1990-1999,100-104,0.43382,0.90027,1.75,411,370,852,927,2.26
LA,m,1990-1999,105-109,0.54537,0.94624,1.55,41,39,71,75,1.82
LA,m,1990-1999,110+,0.63556,1.00000,1.57,2,2,3,3,1.57
LA,m,2000-2009,0,0.01081,0.01070,0.07,100000,1070,99009,7139223,71.39
LA,m,2000-2009,1-4,0.00051,0.00205,1.61,98930,203,395235,7040214,71.16
LA,m,2000-2009,5-9,0.00025,0.00126,2.45,98727,124,493317,6644979,67.31
LA,m,2000-2009,10-14,0.00033,0.00163,2.83,98603,161,492664,6151661,62.39
LA,m,2000-2009,15-19,0.00134,0.00666,3.06,98442,655,490935,5658997,57.49
LA,m,2000-2009,20-24,0.00231,0.01146,2.53,97786,1121,486168,5168062,52.85
LA,m,2000-2009,25-29,0.00245,0.01216,2.51,96665,1175,480405,4681894,48.43
LA,m,2000-2009,30-34,0.00251,0.01249,2.52,95490,1193,474493,4201489,44.00
LA,m,2000-2009,35-39,0.00311,0.01543,2.61,94297,1455,468010,3726996,39.52
LA,m,2000-2009,40-44,0.00426,0.02107,2.67,92842,1956,459654,3258986,35.10
LA,m,2000-2009,45-49,0.00608,0.02995,2.64,90886,2722,448002,2799332,30.80
LA,m,2000-2009,50-54,0.00872,0.04269,2.58,88164,3764,431730,2351330,26.67
LA,m,2000-2009,55-59,0.01257,0.06101,2.63,84401,5149,409798,1919600,22.74
LA,m,2000-2009,60-64,0.01815,0.08700,2.63,79252,6895,379891,1509802,19.05
LA,m,2000-2009,65-69,0.02609,0.12266,2.57,72357,8875,340188,1129911,15.62
LA,m,2000-2009,70-74,0.03947,0.18008,2.57,63482,11431,289643,789723,12.44
LA,m,2000-2009,75-79,0.05985,0.26103,2.55,52050,13587,227013,500080,9.61
LA,m,2000-2009,80-84,0.09857,0.39555,2.5,38463,15214,154341,273067,7.10
LA,m,2000-2009,85-89,0.15954,0.56198,2.37,23249,13066,81896,118726,5.11
LA,m,2000-2009,90-94,0.25104,0.73260,2.16,10184,7461,29718,36830,3.62
LA,m,2000-2009,95-99,0.36797,0.85971,1.9,2723,2341,6362,7111,2.61
LA,m,2000-2009,100-104,0.50265,0.93384,1.64,382,357,710,749,1.96
LA,m,2000-2009,105-109,0.63799,0.96894,1.41,25,24,38,39,1.56
LA,m,2000-2009,110+,0.74077,1.00000,1.35,1,1,1,1,1.35
LA,m,2010-2017,0,0.00869,0.00862,0.07,100000,862,99197,7301302,73.01
LA,m,2010-2017,1-4,0.00047,0.00190,1.58,99138,188,396096,7202106,72.65
LA,m,2010-2017,5-9,0.00019,0.00094,2.17,98950,93,494486,6806009,68.78
LA,m,2010-2017,10-14,0.00024,0.00122,2.99,98857,121,494041,6311523,63.85
LA,m,2010-2017,15-19,0.00105,0.00522,3.01,98736,515,492654,5817482,58.92
LA,m,2010-2017,20-24,0.00187,0.00932,2.59,98221,916,488898,5324828,54.21
LA,m,2010-2017,25-29,0.00208,0.01033,2.56,97305,1005,484070,4835930,49.70
LA,m,2010-2017,30-34,0.00243,0.01207,2.55,96299,1162,478648,4351861,45.19
LA,m,2010-2017,35-39,0.00289,0.01433,2.59,95137,1363,472400,3873213,40.71
LA,m,2010-2017,40-44,0.00368,0.01824,2.59,93774,1710,464745,3400813,36.27
LA,m,2010-2017,45-49,0.00544,0.02685,2.63,92064,2472,454473,2936068,31.89
LA,m,2010-2017,50-54,0.00858,0.04205,2.62,89592,3767,439012,2481595,27.70
LA,m,2010-2017,55-59,0.01263,0.06130,2.62,85825,5261,416587,2042584,23.80
LA,m,2010-2017,60-64,0.01718,0.08249,2.59,80564,6646,386827,1625996,20.18
LA,m,2010-2017,65-69,0.02327,0.11022,2.61,73918,8147,350127,1239169,16.76
LA,m,2010-2017,70-74,0.03465,0.15999,2.61,65771,10522,303690,889041,13.52
LA,m,2010-2017,75-79,0.05145,0.22857,2.56,55248,12628,245434,585351,10.59
LA,m,2010-2017,80-84,0.08125,0.33867,2.54,42621,14434,177644,339917,7.98
LA,m,2010-2017,85-89,0.13388,0.49935,2.46,28186,14075,105133,162273,5.76
LA,m,2010-2017,90-94,0.21743,0.67929,2.24,14111,9586,44088,57141,4.05
LA,m,2010-2017,95-99,0.32839,0.82562,1.99,4526,3736,11378,13053,2.88
LA,m,2010-2017,100-104,0.46189,0.91717,1.71,789,724,1567,1675,2.12
LA,m,2010-2017,105-109,0.60192,0.96215,1.46,65,63,104,108,1.65
LA,m,2010-2017,110+,0.71125,1.00000,1.41,2,2,3,3,1.41
