PopName,Sex,Year,Age,mx,qx,ax,lx,dx,Lx,Tx,ex
DE,m,1960-1969,0,0.02584,0.02526,0.11,100000,2526,97763,6605276,66.05
DE,m,1960-1969,1-4,0.00094,0.00377,1.59,97474,368,389011,6507513,66.76
DE,m,1960-1969,5-9,0.00055,0.00274,2.37,97106,266,484833,6118502,63.01
DE,m,1960-1969,10-14,0.00049,0.00245,2.86,96841,238,483694,5633670,58.17
DE,m,1960-1969,15-19,0.00138,0.00690,2.74,96603,666,481511,5149976,53.31
DE,m,1960-1969,20-24,0.00180,0.00894,2.46,95937,858,477503,4668465,48.66
DE,m,1960-1969,25-29,0.00170,0.00844,2.4,95079,802,473312,4190962,44.08
DE,m,1960-1969,30-34,0.00208,0.01033,2.55,94277,974,469000,3717650,39.43
DE,m,1960-1969,35-39,0.00301,0.01496,2.65,93303,1395,463227,3248650,34.82
DE,m,1960-1969,40-44,0.00492,0.02434,2.76,91907,2237,454521,2785423,30.31
DE,m,1960-1969,45-49,0.00810,0.03976,2.65,89670,3566,439983,2330902,25.99
DE,m,1960-1969,50-54,0.01394,0.06745,2.62,86104,5808,416714,1890919,21.96
DE,m,1960-1969,55-59,0.02024,0.09652,2.61,80297,7750,382935,1474206,18.36
DE,m,1960-1969,60-64,0.03152,0.14662,2.62,72547,10636,337466,1091271,15.04
DE,m,1960-1969,65-69,0.04695,0.21037,2.53,61910,13024,277398,753805,12.18
DE,m,1960-1969,70-74,0.06800,0.29133,2.54,48886,14242,209428,476407,9.75
DE,m,1960-1969,75-79,0.09552,0.38296,2.41,34644,13267,138897,266979,7.71
DE,m,1960-1969,80-84,0.13115,0.48935,2.41,21377,10461,79761,128082,5.99
DE,m,1960-1969,85-89,0.19718,0.63993,2.26,10916,6985,35427,48321,4.43
DE,m,1960-1969,90-94,0.28466,0.77536,2.06,3930,3048,10706,12894,3.28
DE,m,1960-1969,95-99,0.39135,0.87486,1.84,883,772,1974,2188,2.48
DE,m,1960-1969,100-104,0.50959,0.93503,1.61,110,103,203,214,1.94
DE,m,1960-1969,105-109,0.62747,0.96631,1.42,7,7,11,11,1.59
DE,m,1960-1969,110+,0.71843,1.00000,1.39,0,0,0,0,1.39
DE,m,1970-1979,0,0.01833,0.01803,0.09,100000,1803,98367,6801330,68.01
DE,m,1970-1979,1-4,0.00084,0.00334,1.64,98197,328,392013,6702962,68.26
DE,m,1970-1979,5-9,0.00045,0.00226,2.18,97869,221,488722,6310949,64.48
DE,m,1970-1979,10-14,0.00049,0.00245,2.76,97648,239,487703,5822227,59.62
DE,m,1970-1979,15-19,0.00136,0.00676,2.85,97409,659,485625,5334524,54.76
DE,m,1970-1979,20-24,0.00172,0.00856,2.42,96750,828,481610,4848899,50.12
DE,m,1970-1979,25-29,0.00179,0.00889,2.53,95922,853,477505,4367289,45.53
DE,m,1970-1979,30-34,0.00179,0.00889,2.58,95069,846,473298,3889784,40.92
DE,m,1970-1979,35-39,0.00277,0.01378,2.63,94223,1298,468036,3416485,36.26
DE,m,1970-1979,40-44,0.00406,0.02010,2.67,92925,1868,460276,2948449,31.73
DE,m,1970-1979,45-49,0.00663,0.03267,2.65,91057,2974,448300,2488173,27.33
DE,m,1970-1979,50-54,0.01135,0.05530,2.67,88083,4871,429081,2039873,23.16
DE,m,1970-1979,55-59,0.01764,0.08471,2.65,83212,7049,399517,1610792,19.36
DE,m,1970-1979,60-64,0.02727,0.12795,2.6,76163,9745,357401,1211275,15.90
DE,m,1970-1979,65-69,0.04199,0.19066,2.59,66418,12663,301560,853874,12.86
DE,m,1970-1979,70-74,0.06353,0.27420,2.51,53755,14740,232011,552314,10.27
DE,m,1970-1979,75-79,0.08738,0.35865,2.5,39015,13993,160145,320303,8.21
DE,m,1970-1979,80-84,0.12194,0.46342,2.41,25022,11596,95092,160158,6.40
DE,m,1970-1979,85-89,0.17754,0.59914,2.29,13426,8044,45310,65067,4.85
DE,m,1970-1979,90-94,0.25062,0.72846,2.13,5382,3921,15644,19756,3.67
DE,m,1970-1979,95-99,0.34073,0.83331,1.93,1461,1218,3574,4113,2.81
DE,m,1970-1979,100-104,0.44381,0.90531,1.73,244,221,497,538,2.21
DE,m,1970-1979,105-109,0.55223,0.94806,1.54,23,22,40,41,1.80
DE,m,1970-1979,110+,0.63957,1.00000,1.56,1,1,2,2,1.56
DE,m,1980-1989,0,0.01406,0.01388,0.08,100000,1388,98727,7062808,70.63
DE,m,1980-1989,1-4,0.00058,0.00231,1.59,98612,228,393900,6964081,70.62
DE,m,1980-1989,5-9,0.00039,0.00195,2.27,98384,191,491399,6570181,66.78
DE,m,1980-1989,10-14,0.00031,0.00154,2.55,98193,151,490594,6078782,61.91
DE,m,1980-1989,15-19,0.00107,0.00535,2.83,98042,524,489071,5588188,57.00
DE,m,1980-1989,20-24,0.00167,0.00833,2.55,97518,812,485594,5099118,52.29
DE,m,1980-1989,25-29,0.00174,0.00865,2.46,96705,836,481399,4613523,47.71
DE,m,1980-1989,30-34,0.00181,0.00899,2.6,95869,862,477275,4132124,43.10
DE,m,1980-1989,35-39,0.00206,0.01028,2.73,95007,976,472822,3654849,38.47
DE,m,1980-1989,40-44,0.00333,0.01653,2.65,94030,1554,466504,3182027,33.84
DE,m,1980-1989,45-49,0.00509,0.02517,2.7,92476,2328,457034,2715523,29.36
DE,m,1980-1989,50-54,0.00897,0.04396,2.72,90149,3963,441691,2258489,25.05
DE,m,1980-1989,55-59,0.01402,0.06787,2.68,86186,5850,417356,1816798,21.08
DE,m,1980-1989,60-64,0.02141,0.10191,2.65,80336,8187,382466,1399442,17.42
DE,m,1980-1989,65-69,0.03326,0.15408,2.62,72149,11117,334264,1016976,14.10
DE,m,1980-1989,70-74,0.05183,0.23022,2.58,61033,14051,271123,682713,11.19
DE,m,1980-1989,75-79,0.07740,0.32409,2.49,46981,15226,196734,411590,8.76
DE,m,1980-1989,80-84,0.11212,0.43544,2.44,31755,13827,123329,214856,6.77
DE,m,1980-1989,85-89,0.16543,0.57289,2.32,17928,10271,62086,91527,5.11
DE,m,1980-1989,90-94,0.23669,0.70765,2.16,7657,5419,22893,29441,3.84
DE,m,1980-1989,95-99,0.32599,0.81964,1.97,2239,1835,5629,6548,2.93
DE,m,1980-1989,100-104,0.42968,0.89786,1.76,404,363,844,919,2.28
DE,m,1980-1989,105-109,0.54015,0.94460,1.56,41,39,72,76,1.84
DE,m,1980-1989,110+,0.62967,1.00000,1.59,2,2,4,4,1.59
DE,m,1990-1999,0,0.01006,0.00997,0.07,100000,997,99075,7262708,72.63
DE,m,1990-1999,1-4,0.00042,0.00169,1.62,99003,167,395615,7163633,72.36
DE,m,1990-1999,5-9,0.00019,0.00093,2.41,98836,92,493943,6768018,68.48
DE,m,1990-1999,10-14,0.00024,0.00118,2.97,98744,116,493485,6274075,63.54
DE,m,1990-1999,15-19,0.00088,0.00441,3,98628,435,492269,5780590,58.61
DE,m,1990-1999,20-24,0.00117,0.00582,2.43,98193,572,489494,5288321,53.86
DE,m,1990-1999,25-29,0.00156,0.00777,2.6,97621,759,486286,4798827,49.16
DE,m,1990-1999,30-34,0.00211,0.01051,2.5,96862,1018,481766,4312541,44.52
DE,m,1990-1999,35-39,0.00285,0.01414,2.55,95844,1355,475904,3830775,39.97
DE,m,1990-1999,40-44,0.00377,0.01869,2.67,94489,1766,468322,3354871,35.51
DE,m,1990-1999,45-49,0.00493,0.02435,2.63,92723,2258,458270,2886549,31.13
DE,m,1990-1999,50-54,0.00702,0.03454,2.69,90466,3125,445098,2428279,26.84
DE,m,1990-1999,55-59,0.01126,0.05487,2.66,87341,4792,425476,1983180,22.71
DE,m,1990-1999,60-64,0.01735,0.08333,2.63,82548,6879,396456,1557705,18.87
DE,m,1990-1999,65-69,0.02711,0.12735,2.63,75670,9637,355502,1161249,15.35
DE,m,1990-1999,70-74,0.04274,0.19382,2.6,66033,12798,299435,805746,12.20
DE,m,1990-1999,75-79,0.06335,0.27392,2.53,53234,14582,230179,506311,9.51
DE,m,1990-1999,80-84,0.09955,0.39826,2.49,38652,15394,154631,276132,7.14
DE,m,1990-1999,85-89,0.15701,0.55497,2.36,23259,12908,82211,121501,5.22
DE,m,1990-1999,90-94,0.23786,0.71146,2.18,10351,7364,30960,39290,3.80
DE,m,1990-1999,95-99,0.34238,0.83706,1.95,2987,2500,7302,8330,2.79
DE,m,1990-1999,100-104,0.46446,0.91719,1.7,487,446,961,1029,2.11
DE,m,1990-1999,105-109,0.59156,0.95923,1.48,40,39,65,68,1.68
DE,m,1990-1999,110+,0.69175,1.00000,1.45,2,2,2,2,1.45
DE,m,2000-2009,0,0.00977,0.00968,0.07,100000,968,99101,7460631,74.61
DE,m,2000-2009,1-4,0.00029,0.00116,1.43,99032,115,395832,7361530,74.33
DE,m,2000-2009,5-9,0.00018,0.00092,2.52,98917,91,494358,6965698,70.42
DE,m,2000-2009,10-14,0.00015,0.00076,3.09,98826,75,493984,6471340,65.48
DE,m,2000-2009,15-19,0.00088,0.00440,3.03,98750,435,492897,5977356,60.53
DE,m,2000-2009,20-24,0.00136,0.00676,2.51,98316,665,489923,5484459,55.78
DE,m,2000-2009,25-29,0.00161,0.00803,2.42,97651,784,486235,4994536,51.15
DE,m,2000-2009,30-34,0.00160,0.00797,2.51,96867,772,482411,4508301,46.54
DE,m,2000-2009,35-39,0.00227,0.01129,2.64,96095,1085,477915,4025891,41.89
DE,m,2000-2009,40-44,0.00339,0.01680,2.63,95010,1596,471270,3547975,37.34
DE,m,2000-2009,45-49,0.00497,0.02454,2.64,93414,2292,461651,3076705,32.94
DE,m,2000-2009,50-54,0.00689,0.03388,2.63,91122,3087,448294,2615054,28.70
DE,m,2000-2009,55-59,0.00943,0.04609,2.6,88035,4058,430441,2166760,24.61
DE,m,2000-2009,60-64,0.01377,0.06667,2.63,83977,5599,406595,1736318,20.68
DE,m,2000-2009,65-69,0.02083,0.09922,2.62,78378,7776,373393,1329723,16.97
DE,m,2000-2009,70-74,0.03145,0.14635,2.63,70602,10333,328494,956330,13.55
DE,m,2000-2009,75-79,0.05134,0.22833,2.58,60269,13761,268060,627837,10.42
DE,m,2000-2009,80-84,0.08511,0.35195,2.54,46508,16368,192310,359777,7.74
DE,m,2000-2009,85-89,0.14168,0.51835,2.41,30139,15623,110266,167466,5.56
DE,m,2000-2009,90-94,0.22530,0.69258,2.22,14517,10054,44625,57200,3.94
DE,m,2000-2009,95-99,0.33740,0.83398,1.97,4463,3722,11031,12576,2.82
DE,m,2000-2009,100-104,0.47084,0.92111,1.7,741,682,1449,1545,2.09
DE,m,2000-2009,105-109,0.60944,0.96366,1.45,58,56,92,95,1.63
DE,m,2000-2009,110+,0.71706,1.00000,1.39,2,2,3,3,1.39
DE,m,2010-2017,0,0.00804,0.00798,0.07,100000,798,99255,7596255,75.96
DE,m,2010-2017,1-4,0.00024,0.00097,1.77,99202,97,396593,7496999,75.57
DE,m,2010-2017,5-9,0.00012,0.00061,2.42,99106,61,495372,7100406,71.64
DE,m,2010-2017,10-14,0.00019,0.00095,2.79,99045,94,495018,6605034,66.69
DE,m,2010-2017,15-19,0.00071,0.00354,3.05,98951,350,494075,6110016,61.75
DE,m,2010-2017,20-24,0.00144,0.00719,2.55,98601,709,491269,5615942,56.96
DE,m,2010-2017,25-29,0.00178,0.00887,2.63,97892,868,487407,5124672,52.35
DE,m,2010-2017,30-34,0.00206,0.01025,2.55,97024,995,482686,4637265,47.79
DE,m,2010-2017,35-39,0.00223,0.01111,2.47,96029,1067,477453,4154579,43.26
DE,m,2010-2017,40-44,0.00293,0.01456,2.66,94962,1383,471574,3677127,38.72
DE,m,2010-2017,45-49,0.00442,0.02189,2.69,93579,2049,463156,3205553,34.25
DE,m,2010-2017,50-54,0.00670,0.03299,2.68,91531,3020,450644,2742397,29.96
DE,m,2010-2017,55-59,0.00953,0.04660,2.63,88511,4125,432782,2291753,25.89
DE,m,2010-2017,60-64,0.01270,0.06162,2.61,84387,5200,409522,1858971,22.03
DE,m,2010-2017,65-69,0.01770,0.08492,2.63,79187,6725,379981,1449449,18.30
DE,m,2010-2017,70-74,0.02623,0.12361,2.68,72462,8957,341529,1069468,14.76
DE,m,2010-2017,75-79,0.04209,0.19096,2.57,63505,12127,288108,727938,11.46
DE,m,2010-2017,80-84,0.07003,0.29957,2.59,51378,15391,219787,439831,8.56
DE,m,2010-2017,85-89,0.12154,0.46479,2.47,35987,16726,137621,220043,6.11
DE,m,2010-2017,90-94,0.20138,0.65091,2.28,19261,12537,62254,82423,4.28
DE,m,2010-2017,95-99,0.31316,0.81109,2.03,6724,5454,17414,20169,3.00
DE,m,2010-2017,100-104,0.45099,0.91257,1.74,1270,1159,2570,2755,2.17
DE,m,2010-2017,105-109,0.59762,0.96155,1.47,111,107,179,185,1.66
DE,m,2010-2017,110+,0.71237,1.00000,1.4,4,4,6,6,1.40
