PopName,Sex,Year,Age,mx,qx,ax,lx,dx,Lx,Tx,ex
FL,b,1960-1969,0,0.02755,0.02691,0.12,100000,2691,97645,7040741,70.41
FL,b,1960-1969,1-4,0.00127,0.00507,1.53,97309,494,388017,6943096,71.35
FL,b,1960-1969,5-9,0.00051,0.00253,2.31,96816,245,483420,6555079,67.71
FL,b,1960-1969,10-14,0.00050,0.00248,2.77,96571,239,482322,6071659,62.87
FL,b,1960-1969,15-19,0.00110,0.00549,2.75,96332,529,480471,5589337,58.02
FL,b,1960-1969,20-24,0.00143,0.00713,2.52,95803,683,477323,5108866,53.33
FL,b,1960-1969,25-29,0.00157,0.00780,2.56,95120,742,473788,4631543,48.69
FL,b,1960-1969,30-34,0.00193,0.00959,2.6,94378,905,469717,4157755,44.05
FL,b,1960-1969,35-39,0.00278,0.01381,2.6,93472,1291,464264,3688038,39.46
FL,b,1960-1969,40-44,0.00424,0.02099,2.65,92182,1935,456365,3223774,34.97
FL,b,1960-1969,45-49,0.00649,0.03194,2.65,90247,2882,444462,2767409,30.66
FL,b,1960-1969,50-54,0.00982,0.04796,2.63,87364,4190,426891,2322946,26.59
FL,b,1960-1969,55-59,0.01351,0.06542,2.59,83174,5441,402767,1896055,22.80
FL,b,1960-1969,60-64,0.01845,0.08832,2.59,77733,6866,372110,1493288,19.21
FL,b,1960-1969,65-69,0.02710,0.12714,2.58,70867,9010,332530,1121179,15.82
FL,b,1960-1969,70-74,0.03927,0.17929,2.58,61857,11090,282407,788649,12.75
FL,b,1960-1969,75-79,0.05875,0.25652,2.53,50767,13023,221664,506242,9.97
FL,b,1960-1969,80-84,0.09152,0.37263,2.51,37744,14064,153672,284578,7.54
FL,b,1960-1969,85-89,0.14581,0.52778,2.38,23679,12497,85713,130906,5.53
FL,b,1960-1969,90-94,0.22062,0.68136,2.19,11182,7619,34534,45193,4.04
FL,b,1960-1969,95-99,0.31606,0.81157,2,3563,2892,9149,10659,2.99
FL,b,1960-1969,100-104,0.43449,0.90217,1.76,671,606,1394,1510,2.25
FL,b,1960-1969,105-109,0.56208,0.95199,1.53,66,63,111,116,1.77
FL,b,1960-1969,110+,0.66499,1.00000,1.5,3,3,5,5,1.50
FL,b,1970-1979,0,0.01799,0.01770,0.1,100000,1770,98403,7259123,72.59
FL,b,1970-1979,1-4,0.00094,0.00375,1.62,98230,368,392044,7160719,72.90
FL,b,1970-1979,5-9,0.00042,0.00211,2.33,97861,206,488757,6768676,69.17
FL,b,1970-1979,10-14,0.00043,0.00216,2.79,97655,211,487809,6279919,64.31
FL,b,1970-1979,15-19,0.00113,0.00564,2.75,97444,550,485985,5792110,59.44
FL,b,1970-1979,20-24,0.00144,0.00716,2.52,96894,693,482752,5306125,54.76
FL,b,1970-1979,25-29,0.00146,0.00729,2.53,96201,701,479272,4823374,50.14
FL,b,1970-1979,30-34,0.00172,0.00858,2.59,95499,820,475525,4344102,45.49
FL,b,1970-1979,35-39,0.00244,0.01213,2.66,94680,1148,470712,3868576,40.86
FL,b,1970-1979,40-44,0.00377,0.01869,2.67,93531,1748,463582,3397864,36.33
FL,b,1970-1979,45-49,0.00586,0.02888,2.64,91783,2651,452669,2934283,31.97
FL,b,1970-1979,50-54,0.00861,0.04219,2.62,89132,3760,436699,2481614,27.84
FL,b,1970-1979,55-59,0.01238,0.06014,2.61,85372,5135,414590,2044915,23.95
FL,b,1970-1979,60-64,0.01675,0.08051,2.61,80238,6460,385743,1630326,20.32
FL,b,1970-1979,65-69,0.02287,0.10838,2.59,73778,7996,349624,1244582,16.87
FL,b,1970-1979,70-74,0.03356,0.15523,2.58,65782,10211,304232,894958,13.60
FL,b,1970-1979,75-79,0.05130,0.22796,2.56,55571,12668,246919,590727,10.63
FL,b,1970-1979,80-84,0.08456,0.34931,2.51,42903,14986,177228,343807,8.01
FL,b,1970-1979,85-89,0.13120,0.48935,2.4,27916,13661,104122,166579,5.97
FL,b,1970-1979,90-94,0.19895,0.64360,2.26,14255,9175,46116,62458,4.38
FL,b,1970-1979,95-99,0.29066,0.78319,2.06,5081,3979,13690,16342,3.22
FL,b,1970-1979,100-104,0.40353,0.88365,1.82,1102,973,2412,2652,2.41
FL,b,1970-1979,105-109,0.52876,0.94207,1.58,128,121,228,240,1.87
FL,b,1970-1979,110+,0.63173,1.00000,1.58,7,7,12,12,1.58
FL,b,1980-1989,0,0.01201,0.01188,0.08,100000,1188,98909,7488820,74.89
FL,b,1980-1989,1-4,0.00070,0.00278,1.55,98812,275,394573,7389912,74.79
FL,b,1980-1989,5-9,0.00029,0.00146,2.37,98537,144,492307,6995339,70.99
FL,b,1980-1989,10-14,0.00032,0.00161,2.77,98393,158,491615,6503031,66.09
FL,b,1980-1989,15-19,0.00096,0.00479,2.82,98235,470,490153,6011416,61.19
FL,b,1980-1989,20-24,0.00137,0.00681,2.53,97765,665,487182,5521264,56.47
FL,b,1980-1989,25-29,0.00147,0.00731,2.53,97100,710,483744,5034081,51.84
FL,b,1980-1989,30-34,0.00169,0.00840,2.57,96390,809,479979,4550337,47.21
FL,b,1980-1989,35-39,0.00205,0.01019,2.6,95581,974,475567,4070358,42.59
FL,b,1980-1989,40-44,0.00287,0.01427,2.63,94607,1350,469836,3594791,38.00
FL,b,1980-1989,45-49,0.00433,0.02141,2.67,93257,1997,461623,3124955,33.51
FL,b,1980-1989,50-54,0.00675,0.03324,2.66,91260,3033,449188,2663332,29.18
FL,b,1980-1989,55-59,0.01008,0.04922,2.63,88227,4343,430841,2214144,25.10
FL,b,1980-1989,60-64,0.01433,0.06925,2.59,83884,5809,405438,1783302,21.26
FL,b,1980-1989,65-69,0.01993,0.09513,2.61,78075,7427,372588,1377865,17.65
FL,b,1980-1989,70-74,0.02995,0.13974,2.61,70648,9873,329596,1005277,14.23
FL,b,1980-1989,75-79,0.04529,0.20417,2.59,60775,12408,273973,675681,11.12
FL,b,1980-1989,80-84,0.07914,0.33085,2.52,48367,16002,202198,401707,8.31
FL,b,1980-1989,85-89,0.12416,0.47074,2.43,32364,15235,122707,199509,6.16
FL,b,1980-1989,90-94,0.19233,0.63145,2.28,17129,10816,56238,76802,4.48
FL,b,1980-1989,95-99,0.28588,0.77798,2.07,6313,4911,17180,20564,3.26
FL,b,1980-1989,100-104,0.40209,0.88320,1.83,1402,1238,3079,3384,2.41
FL,b,1980-1989,105-109,0.53194,0.94343,1.58,164,154,290,305,1.86
FL,b,1980-1989,110+,0.63905,1.00000,1.56,9,9,14,14,1.56
FL,b,1990-1999,0,0.00846,0.00840,0.07,100000,840,99221,7630653,76.31
FL,b,1990-1999,1-4,0.00050,0.00198,1.61,99160,196,396171,7531432,75.95
FL,b,1990-1999,5-9,0.00021,0.00106,2.34,98964,105,494540,7135261,72.10
FL,b,1990-1999,10-14,0.00025,0.00123,2.82,98859,122,494030,6640721,67.17
FL,b,1990-1999,15-19,0.00077,0.00384,2.86,98737,379,492877,6146691,62.25
FL,b,1990-1999,20-24,0.00110,0.00549,2.55,98358,540,490468,5653814,57.48
FL,b,1990-1999,25-29,0.00131,0.00655,2.59,97819,641,487549,5163346,52.78
FL,b,1990-1999,30-34,0.00170,0.00847,2.6,97178,823,483911,4675796,48.12
FL,b,1990-1999,35-39,0.00228,0.01135,2.61,96355,1094,479162,4191886,43.50
FL,b,1990-1999,40-44,0.00301,0.01496,2.6,95261,1426,472880,3712723,38.97
FL,b,1990-1999,45-49,0.00405,0.02005,2.62,93835,1882,464698,3239843,34.53
FL,b,1990-1999,50-54,0.00587,0.02893,2.64,91954,2661,453478,2775145,30.18
FL,b,1990-1999,55-59,0.00871,0.04269,2.64,89293,3812,437483,2321667,26.00
FL,b,1990-1999,60-64,0.01278,0.06200,2.61,85482,5300,414737,1884185,22.04
FL,b,1990-1999,65-69,0.01750,0.08399,2.61,80182,6735,384818,1469448,18.33
FL,b,1990-1999,70-74,0.02599,0.12237,2.61,73447,8988,345748,1084630,14.77
FL,b,1990-1999,75-79,0.04010,0.18291,2.6,64460,11791,294030,738882,11.46
FL,b,1990-1999,80-84,0.07539,0.31788,2.54,52669,16742,222082,444852,8.45
FL,b,1990-1999,85-89,0.12126,0.46290,2.45,35927,16631,137148,222771,6.20
FL,b,1990-1999,90-94,0.19369,0.63481,2.29,19296,12249,63243,85622,4.44
FL,b,1990-1999,95-99,0.29375,0.78829,2.06,7047,5555,18910,22379,3.18
FL,b,1990-1999,100-104,0.41850,0.89412,1.8,1492,1334,3187,3469,2.33
FL,b,1990-1999,105-109,0.55609,0.95100,1.54,158,150,270,282,1.78
FL,b,1990-1999,110+,0.66794,1.00000,1.5,8,8,12,12,1.50
FL,b,2000-2009,0,0.00750,0.00745,0.07,100000,745,99307,7775790,77.76
FL,b,2000-2009,1-4,0.00037,0.00146,1.54,99255,145,396664,7676483,77.34
FL,b,2000-2009,5-9,0.00014,0.00072,2.43,99110,71,495368,7279819,73.45
FL,b,2000-2009,10-14,0.00018,0.00090,2.79,99039,89,494998,6784451,68.50
FL,b,2000-2009,15-19,0.00068,0.00337,3,98950,334,494083,6289453,63.56
FL,b,2000-2009,20-24,0.00114,0.00568,2.53,98616,561,491693,5795369,58.77
FL,b,2000-2009,25-29,0.00118,0.00588,2.54,98056,577,488856,5303676,54.09
FL,b,2000-2009,30-34,0.00133,0.00664,2.59,97479,648,485835,4814820,49.39
FL,b,2000-2009,35-39,0.00177,0.00883,2.64,96831,855,482142,4328984,44.71
FL,b,2000-2009,40-44,0.00263,0.01309,2.67,95976,1257,476954,3846842,40.08
FL,b,2000-2009,45-49,0.00399,0.01976,2.65,94720,1872,469200,3369889,35.58
FL,b,2000-2009,50-54,0.00564,0.02781,2.61,92848,2582,458078,2900688,31.24
FL,b,2000-2009,55-59,0.00766,0.03762,2.61,90266,3396,443197,2442610,27.06
FL,b,2000-2009,60-64,0.01062,0.05180,2.6,86870,4500,423555,1999414,23.02
FL,b,2000-2009,65-69,0.01493,0.07209,2.61,82370,5938,397683,1575859,19.13
FL,b,2000-2009,70-74,0.02241,0.10640,2.63,76432,8132,362922,1178175,15.41
FL,b,2000-2009,75-79,0.03550,0.16368,2.62,68300,11179,314920,815254,11.94
FL,b,2000-2009,80-84,0.06712,0.28885,2.59,57120,16499,245830,500333,8.76
FL,b,2000-2009,85-89,0.11651,0.45045,2.48,40622,18298,157050,254503,6.27
FL,b,2000-2009,90-94,0.19585,0.64089,2.3,22323,14307,73050,97453,4.37
FL,b,2000-2009,95-99,0.30740,0.80547,2.05,8017,6457,21006,24403,3.04
FL,b,2000-2009,100-104,0.44871,0.91191,1.75,1559,1422,3169,3397,2.18
FL,b,2000-2009,105-109,0.60047,0.96243,1.47,137,132,220,227,1.66
FL,b,2000-2009,110+,0.71936,1.00000,1.39,5,5,7,7,1.39
FL,b,2010-2017,0,0.00625,0.00621,0.07,100000,621,99420,7947661,79.48
FL,b,2010-2017,1-4,0.00030,0.00120,1.61,99379,119,397230,7848241,78.97
FL,b,2010-2017,5-9,0.00012,0.00061,2.41,99260,61,496141,7451011,75.07
FL,b,2010-2017,10-14,0.00014,0.00071,2.8,99199,70,495840,6954870,70.11
FL,b,2010-2017,15-19,0.00050,0.00250,3.02,99129,248,495153,6459029,65.16
FL,b,2010-2017,20-24,0.00094,0.00467,2.62,98880,462,493301,5963877,60.31
FL,b,2010-2017,25-29,0.00115,0.00575,2.59,98418,566,490728,5470576,55.58
FL,b,2010-2017,30-34,0.00135,0.00675,2.57,97852,661,487657,4979848,50.89
FL,b,2010-2017,35-39,0.00161,0.00802,2.58,97192,779,484074,4492191,46.22
FL,b,2010-2017,40-44,0.00211,0.01050,2.64,96413,1013,479676,4008117,41.57
FL,b,2010-2017,45-49,0.00326,0.01617,2.67,95400,1542,473411,3528440,36.99
FL,b,2010-2017,50-54,0.00518,0.02561,2.67,93858,2404,463680,3055030,32.55
FL,b,2010-2017,55-59,0.00770,0.03780,2.62,91454,3457,449031,2591349,28.34
FL,b,2010-2017,60-64,0.01029,0.05023,2.59,87997,4420,429333,2142319,24.35
FL,b,2010-2017,65-69,0.01356,0.06567,2.61,83577,5489,404765,1712986,20.50
FL,b,2010-2017,70-74,0.01949,0.09312,2.63,78088,7272,373195,1308221,16.75
FL,b,2010-2017,75-79,0.03031,0.14143,2.64,70816,10016,330402,935026,13.20
FL,b,2010-2017,80-84,0.05136,0.22890,2.63,60801,13917,270963,604624,9.94
FL,b,2010-2017,85-89,0.09274,0.37818,2.56,46883,17730,191176,333661,7.12
FL,b,2010-2017,90-94,0.16643,0.57900,2.37,29153,16880,101419,142485,4.89
FL,b,2010-2017,95-99,0.27348,0.76636,2.13,12274,9406,34394,41066,3.35
FL,b,2010-2017,100-104,0.41711,0.89569,1.82,2868,2568,6158,6672,2.33
FL,b,2010-2017,105-109,0.57742,0.95772,1.51,299,286,496,514,1.72
FL,b,2010-2017,110+,0.70536,1.00000,1.42,13,13,18,18,1.42
