PopName,Sex,Year,Age,mx,qx,ax,lx,dx,Lx,Tx,ex
AL,b,1960-1969,0,0.03051,0.02973,0.13,100000,2973,97422,6838105,68.38
AL,b,1960-1969,1-4,0.00133,0.00532,1.55,97027,516,386844,6740683,69.47
AL,b,1960-1969,5-9,0.00056,0.00279,2.35,96511,269,481842,6353840,65.84
AL,b,1960-1969,10-14,0.00053,0.00266,2.7,96242,256,480622,5871998,61.01
AL,b,1960-1969,15-19,0.00128,0.00636,2.74,95986,611,478553,5391376,56.17
AL,b,1960-1969,20-24,0.00168,0.00837,2.56,95376,798,474927,4912823,51.51
AL,b,1960-1969,25-29,0.00189,0.00940,2.56,94577,889,470714,4437895,46.92
AL,b,1960-1969,30-34,0.00231,0.01150,2.63,93688,1077,465884,3967181,42.34
AL,b,1960-1969,35-39,0.00326,0.01617,2.66,92611,1498,459546,3501297,37.81
AL,b,1960-1969,40-44,0.00491,0.02426,2.64,91114,2210,450356,3041751,33.38
AL,b,1960-1969,45-49,0.00701,0.03449,2.64,88904,3066,437285,2591396,29.15
AL,b,1960-1969,50-54,0.01053,0.05137,2.62,85837,4409,418705,2154110,25.10
AL,b,1960-1969,55-59,0.01509,0.07284,2.61,81428,5931,392945,1735406,21.31
AL,b,1960-1969,60-64,0.02189,0.10402,2.61,75497,7853,358731,1342460,17.78
AL,b,1960-1969,65-69,0.03314,0.15316,2.53,67644,10360,312643,983729,14.54
AL,b,1960-1969,70-74,0.04720,0.21160,2.56,57284,12121,256822,671086,11.72
AL,b,1960-1969,75-79,0.06951,0.29610,2.5,45162,13373,192397,414264,9.17
AL,b,1960-1969,80-84,0.10774,0.42335,2.47,31790,13458,124915,221868,6.98
AL,b,1960-1969,85-89,0.16364,0.56728,2.3,18332,10399,63550,96953,5.29
AL,b,1960-1969,90-94,0.21400,0.66849,2.19,7933,5303,24779,33403,4.21
AL,b,1960-1969,95-99,0.28753,0.77620,2.04,2630,2041,7099,8624,3.28
AL,b,1960-1969,100-104,0.37444,0.86027,1.86,589,506,1352,1525,2.59
AL,b,1960-1969,105-109,0.47076,0.91761,1.68,82,75,160,173,2.10
AL,b,1960-1969,110+,0.55070,1.00000,1.82,7,7,12,12,1.82
AL,b,1970-1979,0,0.02080,0.02042,0.11,100000,2042,98174,7060432,70.60
AL,b,1970-1979,1-4,0.00088,0.00349,1.65,97958,342,391025,6962257,71.07
AL,b,1970-1979,5-9,0.00044,0.00219,2.31,97615,214,487503,6571233,67.32
AL,b,1970-1979,10-14,0.00046,0.00232,2.81,97402,226,486516,6083730,62.46
AL,b,1970-1979,15-19,0.00121,0.00603,2.8,97176,586,484591,5597214,57.60
AL,b,1970-1979,20-24,0.00160,0.00796,2.56,96590,769,481072,5112623,52.93
AL,b,1970-1979,25-29,0.00171,0.00854,2.52,95821,818,477080,4631551,48.34
AL,b,1970-1979,30-34,0.00201,0.01002,2.56,95003,952,472693,4154471,43.73
AL,b,1970-1979,35-39,0.00284,0.01413,2.67,94052,1329,467163,3681778,39.15
AL,b,1970-1979,40-44,0.00424,0.02098,2.65,92723,1946,459045,3214615,34.67
AL,b,1970-1979,45-49,0.00639,0.03148,2.65,90777,2857,447164,2755570,30.36
AL,b,1970-1979,50-54,0.00952,0.04658,2.64,87920,4095,429949,2308406,26.26
AL,b,1970-1979,55-59,0.01354,0.06558,2.6,83825,5497,405915,1878457,22.41
AL,b,1970-1979,60-64,0.02004,0.09562,2.6,78327,7490,373699,1472542,18.80
AL,b,1970-1979,65-69,0.02820,0.13192,2.56,70838,9345,331400,1098843,15.51
AL,b,1970-1979,70-74,0.04208,0.19093,2.58,61493,11741,279023,767443,12.48
AL,b,1970-1979,75-79,0.06168,0.26756,2.52,49752,13312,215806,488420,9.82
AL,b,1970-1979,80-84,0.09707,0.39048,2.5,36441,14229,146589,272614,7.48
AL,b,1970-1979,85-89,0.14568,0.52523,2.34,22211,11666,80079,126025,5.67
AL,b,1970-1979,90-94,0.20378,0.65083,2.22,10545,6863,33678,45946,4.36
AL,b,1970-1979,95-99,0.28122,0.76945,2.06,3682,2833,10074,12267,3.33
AL,b,1970-1979,100-104,0.37489,0.86156,1.86,849,731,1951,2193,2.58
AL,b,1970-1979,105-109,0.47994,0.92242,1.66,118,108,226,242,2.06
AL,b,1970-1979,110+,0.56767,1.00000,1.76,9,9,16,16,1.76
AL,b,1980-1989,0,0.01340,0.01324,0.09,100000,1324,98789,7322777,73.23
AL,b,1980-1989,1-4,0.00062,0.00246,1.62,98676,243,394126,7223988,73.21
AL,b,1980-1989,5-9,0.00030,0.00150,2.51,98433,148,491799,6829862,69.39
AL,b,1980-1989,10-14,0.00035,0.00173,2.81,98286,170,491057,6338063,64.49
AL,b,1980-1989,15-19,0.00095,0.00473,2.76,98116,464,489540,5847006,59.59
AL,b,1980-1989,20-24,0.00127,0.00635,2.54,97652,620,486737,5357466,54.86
AL,b,1980-1989,25-29,0.00140,0.00697,2.54,97032,677,483496,4870729,50.20
AL,b,1980-1989,30-34,0.00167,0.00832,2.55,96355,801,479812,4387233,45.53
AL,b,1980-1989,35-39,0.00213,0.01061,2.62,95554,1014,475359,3907422,40.89
AL,b,1980-1989,40-44,0.00305,0.01513,2.67,94540,1431,469361,3432063,36.30
AL,b,1980-1989,45-49,0.00480,0.02374,2.68,93109,2210,460420,2962702,31.82
AL,b,1980-1989,50-54,0.00766,0.03760,2.66,90899,3418,446497,2502282,27.53
AL,b,1980-1989,55-59,0.01168,0.05683,2.63,87481,4972,425614,2055784,23.50
AL,b,1980-1989,60-64,0.01743,0.08371,2.63,82509,6907,396161,1630170,19.76
AL,b,1980-1989,65-69,0.02543,0.11980,2.6,75602,9057,356234,1234009,16.32
AL,b,1980-1989,70-74,0.03752,0.17215,2.61,66545,11455,305309,877776,13.19
AL,b,1980-1989,75-79,0.05503,0.24224,2.53,55089,13345,242483,572467,10.39
AL,b,1980-1989,80-84,0.08792,0.36044,2.5,41745,15046,171146,329984,7.90
AL,b,1980-1989,85-89,0.13382,0.49608,2.39,26698,13244,98972,158838,5.95
AL,b,1980-1989,90-94,0.19646,0.63808,2.25,13454,8585,43695,59866,4.45
AL,b,1980-1989,95-99,0.28077,0.77025,2.07,4869,3750,13358,16171,3.32
AL,b,1980-1989,100-104,0.38516,0.87044,1.85,1119,974,2528,2813,2.51
AL,b,1980-1989,105-109,0.50293,0.93263,1.63,145,135,269,285,1.97
AL,b,1980-1989,110+,0.60131,1.00000,1.66,10,10,16,16,1.66
AL,b,1990-1999,0,0.01075,0.01064,0.08,100000,1064,99019,7400437,74.00
AL,b,1990-1999,1-4,0.00055,0.00218,1.61,98936,216,395227,7301418,73.80
AL,b,1990-1999,5-9,0.00025,0.00127,2.37,98720,125,493271,6906190,69.96
AL,b,1990-1999,10-14,0.00032,0.00162,2.95,98595,160,492647,6412919,65.04
AL,b,1990-1999,15-19,0.00107,0.00533,2.83,98435,524,491038,5920272,60.14
AL,b,1990-1999,20-24,0.00136,0.00677,2.56,97911,663,487935,5429234,55.45
AL,b,1990-1999,25-29,0.00148,0.00739,2.62,97248,719,484528,4941299,50.81
AL,b,1990-1999,30-34,0.00184,0.00915,2.58,96529,883,480503,4456771,46.17
AL,b,1990-1999,35-39,0.00233,0.01158,2.59,95646,1108,475564,3976268,41.57
AL,b,1990-1999,40-44,0.00315,0.01563,2.63,94538,1477,469187,3500704,37.03
AL,b,1990-1999,45-49,0.00456,0.02256,2.66,93060,2099,460392,3031517,32.58
AL,b,1990-1999,50-54,0.00677,0.03333,2.66,90961,3032,447700,2571125,28.27
AL,b,1990-1999,55-59,0.01030,0.05027,2.65,87929,4420,429275,2123425,24.15
AL,b,1990-1999,60-64,0.01604,0.07727,2.64,83509,6453,402340,1694150,20.29
AL,b,1990-1999,65-69,0.02377,0.11250,2.63,77056,8669,364730,1291809,16.76
AL,b,1990-1999,70-74,0.03485,0.16078,2.6,68387,10996,315512,927080,13.56
AL,b,1990-1999,75-79,0.05200,0.23081,2.57,57392,13247,254736,611568,10.66
AL,b,1990-1999,80-84,0.08364,0.34596,2.5,44145,15272,182596,356832,8.08
AL,b,1990-1999,85-89,0.12914,0.48417,2.42,28873,13979,108252,174237,6.03
AL,b,1990-1999,90-94,0.19597,0.63855,2.27,14893,9510,48527,65985,4.43
AL,b,1990-1999,95-99,0.28780,0.77982,2.06,5383,4198,14586,17458,3.24
AL,b,1990-1999,100-104,0.40076,0.88195,1.83,1185,1045,2608,2871,2.42
AL,b,1990-1999,105-109,0.52702,0.94161,1.59,140,132,250,263,1.88
AL,b,1990-1999,110+,0.63149,1.00000,1.58,8,8,13,13,1.58
AL,b,2000-2009,0,0.00933,0.00925,0.07,100000,925,99144,7469615,74.70
AL,b,2000-2009,1-4,0.00040,0.00162,1.64,99075,160,395923,7370471,74.39
AL,b,2000-2009,5-9,0.00019,0.00093,2.43,98915,92,494338,6974548,70.51
AL,b,2000-2009,10-14,0.00023,0.00117,2.93,98823,115,493875,6480210,65.57
AL,b,2000-2009,15-19,0.00087,0.00434,2.93,98707,429,492651,5986335,60.65
AL,b,2000-2009,20-24,0.00138,0.00686,2.5,98279,674,489707,5493684,55.90
AL,b,2000-2009,25-29,0.00146,0.00726,2.55,97604,708,486285,5003978,51.27
AL,b,2000-2009,30-34,0.00167,0.00832,2.57,96896,806,482524,4517693,46.62
AL,b,2000-2009,35-39,0.00223,0.01108,2.65,96090,1065,477945,4035169,41.99
AL,b,2000-2009,40-44,0.00328,0.01630,2.68,95025,1549,471529,3557224,37.43
AL,b,2000-2009,45-49,0.00485,0.02397,2.64,93476,2241,462097,3085695,33.01
AL,b,2000-2009,50-54,0.00687,0.03379,2.62,91235,3083,448853,2623599,28.76
AL,b,2000-2009,55-59,0.00990,0.04837,2.62,88152,4264,430617,2174745,24.67
AL,b,2000-2009,60-64,0.01433,0.06933,2.65,83888,5816,405770,1744128,20.79
AL,b,2000-2009,65-69,0.02113,0.10061,2.62,78072,7855,371667,1338358,17.14
AL,b,2000-2009,70-74,0.03176,0.14760,2.61,70218,10364,326295,966691,13.77
AL,b,2000-2009,75-79,0.04914,0.21960,2.58,59854,13144,267454,640396,10.70
AL,b,2000-2009,80-84,0.08129,0.33845,2.53,46710,15809,194469,372942,7.98
AL,b,2000-2009,85-89,0.13419,0.49880,2.43,30901,15413,114861,178473,5.78
AL,b,2000-2009,90-94,0.21362,0.67244,2.25,15488,10415,48753,63612,4.11
AL,b,2000-2009,95-99,0.32258,0.81986,2,5073,4159,12893,14859,2.93
AL,b,2000-2009,100-104,0.45522,0.91407,1.73,914,835,1835,1966,2.15
AL,b,2000-2009,105-109,0.59619,0.96099,1.47,79,75,127,131,1.67
AL,b,2000-2009,110+,0.70731,1.00000,1.41,3,3,4,4,1.41
AL,b,2010-2017,0,0.00854,0.00848,0.07,100000,848,99213,7538828,75.39
AL,b,2010-2017,1-4,0.00035,0.00141,1.61,99152,140,396274,7439615,75.03
AL,b,2010-2017,5-9,0.00018,0.00088,2.48,99012,87,494842,7043341,71.14
AL,b,2010-2017,10-14,0.00021,0.00103,2.76,98925,102,494400,6548499,66.20
AL,b,2010-2017,15-19,0.00069,0.00343,2.99,98824,339,493437,6054099,61.26
AL,b,2010-2017,20-24,0.00121,0.00602,2.59,98485,592,490995,5560661,56.46
AL,b,2010-2017,25-29,0.00152,0.00759,2.58,97893,743,487662,5069667,51.79
AL,b,2010-2017,30-34,0.00191,0.00951,2.55,97150,924,483485,4582005,47.16
AL,b,2010-2017,35-39,0.00240,0.01191,2.58,96226,1146,478352,4098520,42.59
AL,b,2010-2017,40-44,0.00317,0.01575,2.65,95080,1498,471880,3620168,38.07
AL,b,2010-2017,45-49,0.00466,0.02302,2.64,93582,2155,462825,3148287,33.64
AL,b,2010-2017,50-54,0.00706,0.03473,2.65,91428,3175,449678,2685463,29.37
AL,b,2010-2017,55-59,0.01015,0.04953,2.58,88253,4371,430703,2235784,25.33
AL,b,2010-2017,60-64,0.01402,0.06783,2.6,83881,5690,405765,1805081,21.52
AL,b,2010-2017,65-69,0.01955,0.09340,2.6,78191,7303,373463,1399316,17.90
AL,b,2010-2017,70-74,0.02904,0.13580,2.62,70888,9627,331500,1025854,14.47
AL,b,2010-2017,75-79,0.04440,0.20065,2.6,61262,12292,276849,694354,11.33
AL,b,2010-2017,80-84,0.07218,0.30663,2.55,48970,15015,208030,417505,8.53
AL,b,2010-2017,85-89,0.12071,0.46222,2.47,33954,15694,130019,209475,6.17
AL,b,2010-2017,90-94,0.19738,0.64291,2.29,18260,11739,59475,79457,4.35
AL,b,2010-2017,95-99,0.30553,0.80266,2.04,6520,5234,17129,19981,3.06
AL,b,2010-2017,100-104,0.44053,0.90719,1.76,1287,1167,2650,2852,2.22
AL,b,2010-2017,105-109,0.58661,0.95911,1.49,119,115,195,202,1.69
AL,b,2010-2017,110+,0.70256,1.00000,1.42,5,5,7,7,1.42
