PopName,Sex,Year,Age,mx,qx,ax,lx,dx,Lx,Tx,ex
KY,b,1960-1969,0,0.02588,0.02531,0.12,100000,2531,97773,6988369,69.88
KY,b,1960-1969,1-4,0.00103,0.00411,1.59,97469,401,388912,6890596,70.70
KY,b,1960-1969,5-9,0.00048,0.00241,2.32,97068,234,484713,6501684,66.98
KY,b,1960-1969,10-14,0.00046,0.00230,2.74,96834,222,483668,6016970,62.14
KY,b,1960-1969,15-19,0.00114,0.00567,2.78,96612,547,481845,5533302,57.27
KY,b,1960-1969,20-24,0.00138,0.00688,2.54,96065,661,478699,5051457,52.58
KY,b,1960-1969,25-29,0.00150,0.00745,2.56,95404,711,475282,4572758,47.93
KY,b,1960-1969,30-34,0.00183,0.00909,2.67,94693,861,471457,4097476,43.27
KY,b,1960-1969,35-39,0.00265,0.01318,2.67,93832,1236,466286,3626019,38.64
KY,b,1960-1969,40-44,0.00408,0.02021,2.69,92596,1871,458654,3159732,34.12
KY,b,1960-1969,45-49,0.00625,0.03079,2.68,90725,2793,447140,2701079,29.77
KY,b,1960-1969,50-54,0.00927,0.04538,2.66,87932,3990,430321,2253938,25.63
KY,b,1960-1969,55-59,0.01363,0.06601,2.63,83942,5541,406576,1823617,21.72
KY,b,1960-1969,60-64,0.01995,0.09522,2.63,78400,7465,374279,1417041,18.07
KY,b,1960-1969,65-69,0.02992,0.13955,2.59,70935,9899,330819,1042762,14.70
KY,b,1960-1969,70-74,0.04522,0.20391,2.59,61036,12446,275234,711943,11.66
KY,b,1960-1969,75-79,0.06891,0.29448,2.53,48590,14309,207654,436709,8.99
KY,b,1960-1969,80-84,0.11055,0.43263,2.49,34281,14831,134162,229055,6.68
KY,b,1960-1969,85-89,0.17365,0.59218,2.32,19450,11518,66330,94893,4.88
KY,b,1960-1969,90-94,0.25407,0.73551,2.14,7932,5834,22963,28563,3.60
KY,b,1960-1969,95-99,0.35995,0.85185,1.91,2098,1787,4965,5600,2.67
KY,b,1960-1969,100-104,0.48165,0.92461,1.67,311,287,597,635,2.04
KY,b,1960-1969,105-109,0.60675,0.96249,1.45,23,23,37,38,1.64
KY,b,1960-1969,110+,0.70462,1.00000,1.42,1,1,1,1,1.42
KY,b,1970-1979,0,0.01626,0.01602,0.09,100000,1602,98547,7136098,71.36
KY,b,1970-1979,1-4,0.00076,0.00304,1.66,98398,299,392891,7037551,71.52
KY,b,1970-1979,5-9,0.00041,0.00207,2.29,98099,203,489943,6644660,67.73
KY,b,1970-1979,10-14,0.00040,0.00201,2.69,97896,197,489024,6154717,62.87
KY,b,1970-1979,15-19,0.00112,0.00556,2.78,97699,544,487288,5665693,57.99
KY,b,1970-1979,20-24,0.00134,0.00666,2.48,97155,647,484145,5178405,53.30
KY,b,1970-1979,25-29,0.00139,0.00692,2.54,96508,668,480897,4694260,48.64
KY,b,1970-1979,30-34,0.00162,0.00808,2.64,95841,775,477376,4213363,43.96
KY,b,1970-1979,35-39,0.00241,0.01199,2.65,95066,1140,472656,3735987,39.30
KY,b,1970-1979,40-44,0.00368,0.01825,2.69,93926,1714,465667,3263331,34.74
KY,b,1970-1979,45-49,0.00596,0.02940,2.66,92212,2711,454706,2797664,30.34
KY,b,1970-1979,50-54,0.00902,0.04415,2.64,89501,3952,438166,2342957,26.18
KY,b,1970-1979,55-59,0.01329,0.06445,2.64,85549,5514,414722,1904791,22.27
KY,b,1970-1979,60-64,0.01979,0.09449,2.62,80036,7562,382195,1490069,18.62
KY,b,1970-1979,65-69,0.02833,0.13261,2.59,72473,9611,339232,1107874,15.29
KY,b,1970-1979,70-74,0.04190,0.19028,2.59,62863,11962,285491,768642,12.23
KY,b,1970-1979,75-79,0.06391,0.27649,2.56,50901,14074,220199,483151,9.49
KY,b,1970-1979,80-84,0.10107,0.40324,2.49,36827,14850,146930,262953,7.14
KY,b,1970-1979,85-89,0.15566,0.55149,2.36,21977,12120,77863,116023,5.28
KY,b,1970-1979,90-94,0.23314,0.70284,2.18,9857,6928,29716,38160,3.87
KY,b,1970-1979,95-99,0.33026,0.82512,1.97,2929,2417,7318,8444,2.88
KY,b,1970-1979,100-104,0.44563,0.90757,1.73,512,465,1043,1126,2.20
KY,b,1970-1979,105-109,0.56818,0.95330,1.52,47,45,79,83,1.75
KY,b,1970-1979,110+,0.66653,1.00000,1.5,2,2,3,3,1.50
KY,b,1980-1989,0,0.01126,0.01114,0.08,100000,1114,98975,7362974,73.63
KY,b,1980-1989,1-4,0.00054,0.00217,1.64,98886,214,395038,7264000,73.46
KY,b,1980-1989,5-9,0.00025,0.00123,2.3,98672,121,493032,6868962,69.61
KY,b,1980-1989,10-14,0.00029,0.00143,2.83,98551,141,492447,6375930,64.70
KY,b,1980-1989,15-19,0.00094,0.00469,2.83,98409,462,491047,5883484,59.79
KY,b,1980-1989,20-24,0.00115,0.00571,2.53,97948,560,488356,5392437,55.05
KY,b,1980-1989,25-29,0.00113,0.00566,2.5,97388,551,485563,4904081,50.36
KY,b,1980-1989,30-34,0.00130,0.00646,2.58,96837,626,482672,4418517,45.63
KY,b,1980-1989,35-39,0.00177,0.00880,2.63,96211,847,479052,3935845,40.91
KY,b,1980-1989,40-44,0.00272,0.01351,2.68,95364,1288,473833,3456794,36.25
KY,b,1980-1989,45-49,0.00451,0.02232,2.69,94076,2099,465528,2982961,31.71
KY,b,1980-1989,50-54,0.00748,0.03678,2.67,91977,3383,451998,2517433,27.37
KY,b,1980-1989,55-59,0.01161,0.05651,2.66,88594,5007,431239,2065435,23.31
KY,b,1980-1989,60-64,0.01771,0.08497,2.61,83587,7102,400977,1634197,19.55
KY,b,1980-1989,65-69,0.02626,0.12345,2.58,76485,9442,359556,1233220,16.12
KY,b,1980-1989,70-74,0.03815,0.17459,2.57,67042,11705,306801,873663,13.03
KY,b,1980-1989,75-79,0.05650,0.24786,2.53,55337,13716,242782,566862,10.24
KY,b,1980-1989,80-84,0.08868,0.36304,2.5,41621,15110,170390,324079,7.79
KY,b,1980-1989,85-89,0.13662,0.50296,2.38,26511,13334,97599,153689,5.80
KY,b,1980-1989,90-94,0.20644,0.65805,2.25,13177,8671,42003,56090,4.26
KY,b,1980-1989,95-99,0.30045,0.79449,2.03,4506,3580,11915,14088,3.13
KY,b,1980-1989,100-104,0.41508,0.89093,1.8,926,825,1988,2172,2.35
KY,b,1980-1989,105-109,0.54148,0.94611,1.56,101,96,176,185,1.83
KY,b,1980-1989,110+,0.64517,1.00000,1.55,5,5,8,8,1.55
KY,b,1990-1999,0,0.00824,0.00817,0.07,100000,817,99241,7480989,74.81
KY,b,1990-1999,1-4,0.00043,0.00171,1.69,99183,169,396340,7381748,74.43
KY,b,1990-1999,5-9,0.00023,0.00113,2.4,99014,112,494776,6985408,70.55
KY,b,1990-1999,10-14,0.00024,0.00121,2.84,98901,120,494249,6490632,65.63
KY,b,1990-1999,15-19,0.00088,0.00439,2.78,98782,434,492945,5996383,60.70
KY,b,1990-1999,20-24,0.00099,0.00494,2.5,98347,486,490525,5503438,55.96
KY,b,1990-1999,25-29,0.00109,0.00542,2.53,97862,530,488000,5012913,51.22
KY,b,1990-1999,30-34,0.00138,0.00690,2.6,97331,672,485047,4524913,46.49
KY,b,1990-1999,35-39,0.00180,0.00895,2.64,96659,866,481258,4039866,41.79
KY,b,1990-1999,40-44,0.00252,0.01253,2.64,95794,1200,476141,3558608,37.15
KY,b,1990-1999,45-49,0.00388,0.01925,2.69,94594,1820,468766,3082467,32.59
KY,b,1990-1999,50-54,0.00626,0.03087,2.68,92773,2864,457224,2613700,28.17
KY,b,1990-1999,55-59,0.01018,0.04970,2.68,89909,4469,439177,2156476,23.99
KY,b,1990-1999,60-64,0.01609,0.07749,2.64,85440,6621,411552,1717298,20.10
KY,b,1990-1999,65-69,0.02406,0.11372,2.6,78820,8963,372605,1305746,16.57
KY,b,1990-1999,70-74,0.03632,0.16699,2.59,69856,11665,321201,933141,13.36
KY,b,1990-1999,75-79,0.05360,0.23698,2.56,58191,13790,257277,611940,10.52
KY,b,1990-1999,80-84,0.08375,0.34682,2.52,44401,15399,183874,354663,7.99
KY,b,1990-1999,85-89,0.13150,0.49115,2.42,29002,14244,108321,170789,5.89
KY,b,1990-1999,90-94,0.20641,0.65904,2.26,14758,9726,47119,62468,4.23
KY,b,1990-1999,95-99,0.30828,0.80419,2.03,5032,4047,13126,15349,3.05
KY,b,1990-1999,100-104,0.43254,0.90185,1.77,985,889,2054,2223,2.26
KY,b,1990-1999,105-109,0.56784,0.95398,1.52,97,92,162,169,1.75
KY,b,1990-1999,110+,0.67710,1.00000,1.48,4,4,7,7,1.48
KY,b,2000-2009,0,0.00702,0.00697,0.07,100000,697,99350,7545519,75.46
KY,b,2000-2009,1-4,0.00035,0.00141,1.6,99303,140,396875,7446168,74.98
KY,b,2000-2009,5-9,0.00016,0.00079,2.43,99163,79,495611,7049293,71.09
KY,b,2000-2009,10-14,0.00021,0.00105,2.81,99084,104,495191,6553682,66.14
KY,b,2000-2009,15-19,0.00075,0.00373,2.93,98980,369,494132,6058491,61.21
KY,b,2000-2009,20-24,0.00110,0.00550,2.52,98610,542,491706,5564359,56.43
KY,b,2000-2009,25-29,0.00132,0.00660,2.55,98068,647,488754,5072652,51.73
KY,b,2000-2009,30-34,0.00150,0.00749,2.55,97421,730,485316,4583898,47.05
KY,b,2000-2009,35-39,0.00194,0.00967,2.67,96691,935,481275,4098582,42.39
KY,b,2000-2009,40-44,0.00295,0.01463,2.66,95757,1401,475508,3617308,37.78
KY,b,2000-2009,45-49,0.00422,0.02089,2.63,94355,1971,467115,3141799,33.30
KY,b,2000-2009,50-54,0.00613,0.03021,2.62,92384,2791,455290,2674684,28.95
KY,b,2000-2009,55-59,0.00906,0.04434,2.65,89594,3973,438617,2219394,24.77
KY,b,2000-2009,60-64,0.01403,0.06793,2.66,85621,5816,414493,1780777,20.80
KY,b,2000-2009,65-69,0.02156,0.10252,2.62,79805,8181,379519,1366283,17.12
KY,b,2000-2009,70-74,0.03237,0.15019,2.61,71623,10757,332353,986764,13.78
KY,b,2000-2009,75-79,0.04965,0.22158,2.58,60866,13486,271635,654411,10.75
KY,b,2000-2009,80-84,0.07933,0.33192,2.54,47380,15726,198245,382776,8.08
KY,b,2000-2009,85-89,0.13118,0.49103,2.44,31653,15543,118484,184530,5.83
KY,b,2000-2009,90-94,0.21339,0.67267,2.25,16111,10837,50785,66047,4.10
KY,b,2000-2009,95-99,0.32671,0.82451,2,5274,4348,13309,15262,2.89
KY,b,2000-2009,100-104,0.46457,0.91887,1.71,925,850,1830,1953,2.11
KY,b,2000-2009,105-109,0.60991,0.96409,1.45,75,72,119,122,1.63
KY,b,2000-2009,110+,0.72310,1.00000,1.38,3,3,4,4,1.38
KY,b,2010-2017,0,0.00674,0.00669,0.07,100000,669,99375,7571669,75.72
KY,b,2010-2017,1-4,0.00030,0.00120,1.68,99331,119,397046,7472294,75.23
KY,b,2010-2017,5-9,0.00014,0.00072,2.41,99211,72,495871,7075248,71.31
KY,b,2010-2017,10-14,0.00018,0.00090,2.82,99140,90,495503,6579376,66.36
KY,b,2010-2017,15-19,0.00057,0.00287,3.04,99050,284,494695,6083873,61.42
KY,b,2010-2017,20-24,0.00102,0.00511,2.58,98766,504,492609,5589178,56.59
KY,b,2010-2017,25-29,0.00144,0.00715,2.61,98262,703,489630,5096569,51.87
KY,b,2010-2017,30-34,0.00190,0.00945,2.6,97559,922,485580,4606940,47.22
KY,b,2010-2017,35-39,0.00239,0.01188,2.6,96637,1148,480433,4121359,42.65
KY,b,2010-2017,40-44,0.00308,0.01528,2.62,95489,1459,473968,3640926,38.13
KY,b,2010-2017,45-49,0.00465,0.02300,2.67,94030,2162,465120,3166958,33.68
KY,b,2010-2017,50-54,0.00698,0.03435,2.62,91868,3156,451825,2701838,29.41
KY,b,2010-2017,55-59,0.00988,0.04823,2.59,88712,4278,433263,2250014,25.36
KY,b,2010-2017,60-64,0.01347,0.06525,2.61,84433,5509,409015,1816750,21.52
KY,b,2010-2017,65-69,0.01965,0.09385,2.62,78924,7407,377022,1407735,17.84
KY,b,2010-2017,70-74,0.03002,0.14004,2.61,71517,10015,333624,1030713,14.41
KY,b,2010-2017,75-79,0.04598,0.20693,2.59,61502,12727,276806,697088,11.33
KY,b,2010-2017,80-84,0.07097,0.30215,2.54,48775,14737,207645,420282,8.62
KY,b,2010-2017,85-89,0.11824,0.45537,2.48,34038,15500,131089,212637,6.25
KY,b,2010-2017,90-94,0.19463,0.63725,2.29,18538,11813,60697,81548,4.40
KY,b,2010-2017,95-99,0.30138,0.79802,2.05,6725,5366,17806,20851,3.10
KY,b,2010-2017,100-104,0.43518,0.90429,1.77,1358,1228,2822,3045,2.24
KY,b,2010-2017,105-109,0.58048,0.95763,1.5,130,124,214,222,1.71
KY,b,2010-2017,110+,0.69630,1.00000,1.44,6,6,8,8,1.44
