PopName,Sex,Year,Age,mx,qx,ax,lx,dx,Lx,Tx,ex
AR,f,1960-1969,0,0.02283,0.02238,0.12,100000,2238,98024,7418790,74.19
AR,f,1960-1969,1-4,0.00123,0.00489,1.59,97762,478,389896,7320766,74.88
AR,f,1960-1969,5-9,0.00049,0.00243,2.32,97284,236,485785,6930869,71.24
AR,f,1960-1969,10-14,0.00036,0.00181,2.6,97048,175,484818,6445084,66.41
AR,f,1960-1969,15-19,0.00074,0.00370,2.66,96872,358,483522,5960266,61.53
AR,f,1960-1969,20-24,0.00083,0.00415,2.49,96514,401,481565,5476745,56.75
AR,f,1960-1969,25-29,0.00088,0.00439,2.57,96113,422,479541,4995179,51.97
AR,f,1960-1969,30-34,0.00138,0.00689,2.55,95691,659,476841,4515639,47.19
AR,f,1960-1969,35-39,0.00196,0.00978,2.64,95032,929,472969,4038798,42.50
AR,f,1960-1969,40-44,0.00279,0.01388,2.69,94103,1306,467496,3565829,37.89
AR,f,1960-1969,45-49,0.00390,0.01934,2.65,92797,1795,459763,3098333,33.39
AR,f,1960-1969,50-54,0.00576,0.02840,2.68,91002,2584,449005,2638570,28.99
AR,f,1960-1969,55-59,0.00829,0.04065,2.6,88418,3594,433475,2189565,24.76
AR,f,1960-1969,60-64,0.01302,0.06317,2.66,84824,5358,411581,1756091,20.70
AR,f,1960-1969,65-69,0.01992,0.09511,2.62,79465,7558,379339,1344509,16.92
AR,f,1960-1969,70-74,0.03159,0.14691,2.62,71907,10564,334404,965171,13.42
AR,f,1960-1969,75-79,0.05221,0.23191,2.59,61343,14226,272458,630767,10.28
AR,f,1960-1969,80-84,0.08996,0.36878,2.56,47117,17376,193159,358308,7.60
AR,f,1960-1969,85-89,0.14587,0.52689,2.37,29742,15670,107431,165149,5.55
AR,f,1960-1969,90-94,0.21636,0.67561,2.22,14071,9507,43939,57718,4.10
AR,f,1960-1969,95-99,0.31303,0.80816,2.01,4565,3689,11784,13779,3.02
AR,f,1960-1969,100-104,0.42870,0.89868,1.77,876,787,1836,1995,2.28
AR,f,1960-1969,105-109,0.55305,0.94928,1.54,89,84,152,159,1.79
AR,f,1960-1969,110+,0.65343,1.00000,1.53,4,4,7,7,1.53
AR,f,1970-1979,0,0.01566,0.01545,0.1,100000,1545,98605,7631045,76.31
AR,f,1970-1979,1-4,0.00074,0.00295,1.68,98455,290,393149,7532440,76.51
AR,f,1970-1979,5-9,0.00037,0.00187,2.3,98165,183,490331,7139291,72.73
AR,f,1970-1979,10-14,0.00034,0.00167,2.54,97982,164,489506,6648960,67.86
AR,f,1970-1979,15-19,0.00060,0.00302,2.78,97818,295,488435,6159454,62.97
AR,f,1970-1979,20-24,0.00072,0.00359,2.58,97522,350,486763,5671019,58.15
AR,f,1970-1979,25-29,0.00081,0.00403,2.56,97172,392,484903,5184256,53.35
AR,f,1970-1979,30-34,0.00098,0.00487,2.58,96780,471,482761,4699352,48.56
AR,f,1970-1979,35-39,0.00163,0.00810,2.65,96309,780,479709,4216591,43.78
AR,f,1970-1979,40-44,0.00230,0.01144,2.74,95529,1093,475177,3736882,39.12
AR,f,1970-1979,45-49,0.00369,0.01830,2.67,94436,1728,468148,3261705,34.54
AR,f,1970-1979,50-54,0.00536,0.02649,2.66,92708,2456,457788,2793557,30.13
AR,f,1970-1979,55-59,0.00757,0.03717,2.64,90252,3355,443358,2335769,25.88
AR,f,1970-1979,60-64,0.01124,0.05474,2.65,86897,4757,423308,1892411,21.78
AR,f,1970-1979,65-69,0.01716,0.08248,2.64,82141,6775,394713,1469103,17.89
AR,f,1970-1979,70-74,0.02810,0.13180,2.65,75366,9933,353445,1074390,14.26
AR,f,1970-1979,75-79,0.04538,0.20484,2.63,65433,13403,295356,720945,11.02
AR,f,1970-1979,80-84,0.08011,0.33465,2.54,52030,17412,217354,425588,8.18
AR,f,1970-1979,85-89,0.12999,0.48617,2.41,34618,16830,129471,208235,6.02
AR,f,1970-1979,90-94,0.19630,0.63872,2.27,17788,11361,57876,78763,4.43
AR,f,1970-1979,95-99,0.28724,0.77905,2.06,6426,5006,17429,20887,3.25
AR,f,1970-1979,100-104,0.39866,0.88029,1.83,1420,1250,3135,3458,2.44
AR,f,1970-1979,105-109,0.52178,0.93960,1.6,170,160,306,323,1.90
AR,f,1970-1979,110+,0.62289,1.00000,1.61,10,10,16,16,1.61
AR,f,1980-1989,0,0.00998,0.00989,0.08,100000,989,99091,7796713,77.97
AR,f,1980-1989,1-4,0.00056,0.00224,1.69,99011,222,395531,7697622,77.75
AR,f,1980-1989,5-9,0.00030,0.00151,2.35,98789,149,493549,7302091,73.92
AR,f,1980-1989,10-14,0.00028,0.00140,2.76,98640,138,492889,6808541,69.02
AR,f,1980-1989,15-19,0.00057,0.00284,2.7,98502,280,491866,6315652,64.12
AR,f,1980-1989,20-24,0.00063,0.00317,2.52,98222,311,490339,5823786,59.29
AR,f,1980-1989,25-29,0.00068,0.00342,2.53,97911,335,488729,5333448,54.47
AR,f,1980-1989,30-34,0.00092,0.00458,2.71,97577,447,486860,4844718,49.65
AR,f,1980-1989,35-39,0.00126,0.00628,2.71,97130,610,484250,4357858,44.87
AR,f,1980-1989,40-44,0.00196,0.00978,2.64,96520,944,480368,3873608,40.13
AR,f,1980-1989,45-49,0.00297,0.01476,2.64,95576,1410,474548,3393241,35.50
AR,f,1980-1989,50-54,0.00465,0.02300,2.61,94166,2165,465656,2918693,31.00
AR,f,1980-1989,55-59,0.00723,0.03556,2.64,92000,3272,452284,2453037,26.66
AR,f,1980-1989,60-64,0.01076,0.05248,2.65,88728,4657,432678,2000753,22.55
AR,f,1980-1989,65-69,0.01628,0.07836,2.6,84072,6588,404544,1568074,18.65
AR,f,1980-1989,70-74,0.02556,0.12058,2.66,77484,9343,365519,1163530,15.02
AR,f,1980-1989,75-79,0.04041,0.18420,2.6,68141,12552,310585,798012,11.71
AR,f,1980-1989,80-84,0.07046,0.30069,2.56,55589,16715,237211,487427,8.77
AR,f,1980-1989,85-89,0.11557,0.44714,2.47,38874,17382,150402,250216,6.44
AR,f,1980-1989,90-94,0.18310,0.61311,2.31,21492,13177,71964,99814,4.64
AR,f,1980-1989,95-99,0.27629,0.76641,2.1,8315,6373,23065,27851,3.35
AR,f,1980-1989,100-104,0.39310,0.87739,1.85,1942,1704,4335,4785,2.46
AR,f,1980-1989,105-109,0.52366,0.94077,1.59,238,224,428,450,1.89
AR,f,1980-1989,110+,0.63111,1.00000,1.58,14,14,22,22,1.58
AR,f,1990-1999,0,0.00831,0.00825,0.08,100000,825,99238,7809660,78.10
AR,f,1990-1999,1-4,0.00045,0.00182,1.6,99175,180,396270,7710422,77.75
AR,f,1990-1999,5-9,0.00024,0.00119,2.42,98995,118,494672,7314152,73.88
AR,f,1990-1999,10-14,0.00025,0.00124,2.77,98877,123,494113,6819480,68.97
AR,f,1990-1999,15-19,0.00060,0.00298,2.59,98754,294,493062,6325368,64.05
AR,f,1990-1999,20-24,0.00068,0.00340,2.59,98460,335,491492,5832306,59.24
AR,f,1990-1999,25-29,0.00080,0.00401,2.54,98125,394,489655,5340814,54.43
AR,f,1990-1999,30-34,0.00103,0.00512,2.61,97731,501,487456,4851159,49.64
AR,f,1990-1999,35-39,0.00141,0.00703,2.56,97230,684,484480,4363703,44.88
AR,f,1990-1999,40-44,0.00198,0.00987,2.65,96547,953,480497,3879223,40.18
AR,f,1990-1999,45-49,0.00304,0.01510,2.64,95593,1443,474564,3398725,35.55
AR,f,1990-1999,50-54,0.00454,0.02245,2.65,94150,2114,465788,2924161,31.06
AR,f,1990-1999,55-59,0.00721,0.03543,2.63,92036,3261,452445,2458373,26.71
AR,f,1990-1999,60-64,0.01088,0.05304,2.67,88775,4708,432897,2005928,22.60
AR,f,1990-1999,65-69,0.01652,0.07947,2.62,84067,6681,404408,1573031,18.71
AR,f,1990-1999,70-74,0.02542,0.11988,2.63,77386,9277,364924,1168623,15.10
AR,f,1990-1999,75-79,0.03910,0.17875,2.61,68109,12175,311388,803699,11.80
AR,f,1990-1999,80-84,0.06882,0.29475,2.57,55935,16487,239582,492311,8.80
AR,f,1990-1999,85-89,0.11474,0.44479,2.47,39448,17546,152913,252729,6.41
AR,f,1990-1999,90-94,0.18667,0.62106,2.31,21902,13602,72868,99816,4.56
AR,f,1990-1999,95-99,0.28602,0.77929,2.08,8300,6468,22613,26948,3.25
AR,f,1990-1999,100-104,0.41050,0.88933,1.81,1832,1629,3968,4335,2.37
AR,f,1990-1999,105-109,0.54790,0.94866,1.55,203,192,351,367,1.81
AR,f,1990-1999,110+,0.65948,1.00000,1.52,10,10,16,16,1.52
AR,f,2000-2009,0,0.00726,0.00722,0.07,100000,722,99331,7817220,78.17
AR,f,2000-2009,1-4,0.00040,0.00160,1.46,99278,159,396711,7717888,77.74
AR,f,2000-2009,5-9,0.00017,0.00087,2.27,99120,86,495364,7321177,73.86
AR,f,2000-2009,10-14,0.00021,0.00105,2.85,99034,104,494945,6825814,68.92
AR,f,2000-2009,15-19,0.00055,0.00276,2.76,98930,273,494038,6330869,63.99
AR,f,2000-2009,20-24,0.00067,0.00334,2.62,98657,330,492498,5836831,59.16
AR,f,2000-2009,25-29,0.00081,0.00404,2.58,98327,397,490675,5344333,54.35
AR,f,2000-2009,30-34,0.00111,0.00553,2.63,97930,541,488364,4853659,49.56
AR,f,2000-2009,35-39,0.00154,0.00768,2.63,97389,748,485171,4365295,44.82
AR,f,2000-2009,40-44,0.00241,0.01196,2.63,96640,1156,480459,3880124,40.15
AR,f,2000-2009,45-49,0.00343,0.01703,2.64,95484,1626,473579,3399665,35.60
AR,f,2000-2009,50-54,0.00503,0.02486,2.61,93858,2334,463715,2926087,31.18
AR,f,2000-2009,55-59,0.00700,0.03443,2.64,91524,3151,450189,2462372,26.90
AR,f,2000-2009,60-64,0.01069,0.05211,2.61,88373,4605,430871,2012183,22.77
AR,f,2000-2009,65-69,0.01568,0.07555,2.61,83768,6328,403725,1581312,18.88
AR,f,2000-2009,70-74,0.02383,0.11273,2.61,77440,8730,366365,1177587,15.21
AR,f,2000-2009,75-79,0.03822,0.17506,2.6,68710,12028,314699,811222,11.81
AR,f,2000-2009,80-84,0.06775,0.29085,2.57,56682,16486,243333,496523,8.76
AR,f,2000-2009,85-89,0.11607,0.44940,2.49,40196,18064,155629,253190,6.30
AR,f,2000-2009,90-94,0.19379,0.63614,2.3,22132,14079,72649,97561,4.41
AR,f,2000-2009,95-99,0.30210,0.79899,2.05,8053,6434,21298,24912,3.09
AR,f,2000-2009,100-104,0.43706,0.90535,1.77,1619,1465,3353,3614,2.23
AR,f,2000-2009,105-109,0.58270,0.95815,1.5,153,147,252,261,1.70
AR,f,2000-2009,110+,0.69807,1.00000,1.43,6,6,9,9,1.43
AR,f,2010-2017,0,0.00694,0.00690,0.07,100000,690,99360,7851328,78.51
AR,f,2010-2017,1-4,0.00031,0.00123,1.48,99310,122,396934,7751968,78.06
AR,f,2010-2017,5-9,0.00015,0.00075,2.49,99188,74,495756,7355033,74.15
AR,f,2010-2017,10-14,0.00016,0.00077,2.85,99114,77,495406,6859278,69.21
AR,f,2010-2017,15-19,0.00039,0.00193,2.8,99037,192,494765,6363872,64.26
AR,f,2010-2017,20-24,0.00062,0.00308,2.63,98846,304,493507,5869108,59.38
AR,f,2010-2017,25-29,0.00085,0.00423,2.68,98541,417,491740,5375600,54.55
AR,f,2010-2017,30-34,0.00117,0.00585,2.64,98124,574,489266,4883861,49.77
AR,f,2010-2017,35-39,0.00170,0.00846,2.57,97551,826,485750,4394595,45.05
AR,f,2010-2017,40-44,0.00244,0.01215,2.66,96725,1175,480881,3908844,40.41
AR,f,2010-2017,45-49,0.00371,0.01841,2.66,95550,1759,473638,3427963,35.88
AR,f,2010-2017,50-54,0.00545,0.02691,2.61,93791,2524,462912,2954325,31.50
AR,f,2010-2017,55-59,0.00775,0.03807,2.63,91267,3475,448098,2491413,27.30
AR,f,2010-2017,60-64,0.01021,0.04982,2.58,87792,4373,428391,2043314,23.27
AR,f,2010-2017,65-69,0.01516,0.07320,2.66,83419,6106,402777,1614923,19.36
AR,f,2010-2017,70-74,0.02314,0.10969,2.63,77313,8481,366503,1212146,15.68
AR,f,2010-2017,75-79,0.03653,0.16804,2.62,68832,11566,316591,845643,12.29
AR,f,2010-2017,80-84,0.05986,0.26153,2.59,57266,14977,250208,529052,9.24
AR,f,2010-2017,85-89,0.10664,0.42191,2.53,42289,17842,167318,278844,6.59
AR,f,2010-2017,90-94,0.18380,0.61678,2.33,24447,15078,82039,111526,4.56
AR,f,2010-2017,95-99,0.29522,0.79218,2.08,9369,7422,25139,29487,3.15
AR,f,2010-2017,100-104,0.43669,0.90592,1.77,1947,1764,4039,4347,2.23
AR,f,2010-2017,105-109,0.59008,0.96024,1.49,183,176,298,308,1.68
AR,f,2010-2017,110+,0.71080,1.00000,1.41,7,7,10,10,1.41
