PopName,Sex,Year,Age,mx,qx,ax,lx,dx,Lx,Tx,ex
MO,b,1960-1969,0,0.02408,0.02358,0.12,100000,2358,97913,7036098,70.36
MO,b,1960-1969,1-4,0.00095,0.00379,1.6,97642,370,389682,6938184,71.06
MO,b,1960-1969,5-9,0.00044,0.00222,2.31,97272,216,485781,6548502,67.32
MO,b,1960-1969,10-14,0.00043,0.00217,2.71,97057,210,484801,6062722,62.47
MO,b,1960-1969,15-19,0.00110,0.00551,2.79,96846,533,483052,5577921,57.60
MO,b,1960-1969,20-24,0.00136,0.00678,2.49,96313,653,479930,5094869,52.90
MO,b,1960-1969,25-29,0.00136,0.00678,2.53,95660,648,476703,4614939,48.24
MO,b,1960-1969,30-34,0.00168,0.00835,2.65,95012,794,473192,4138236,43.55
MO,b,1960-1969,35-39,0.00245,0.01218,2.67,94219,1148,468414,3665044,38.90
MO,b,1960-1969,40-44,0.00363,0.01802,2.67,93071,1677,461443,3196630,34.35
MO,b,1960-1969,45-49,0.00559,0.02761,2.65,91394,2523,451051,2735187,29.93
MO,b,1960-1969,50-54,0.00890,0.04359,2.66,88871,3874,435277,2284136,25.70
MO,b,1960-1969,55-59,0.01337,0.06479,2.63,84997,5507,411917,1848859,21.75
MO,b,1960-1969,60-64,0.01997,0.09528,2.61,79490,7574,379331,1436942,18.08
MO,b,1960-1969,65-69,0.02987,0.13935,2.6,71916,10021,335517,1057610,14.71
MO,b,1960-1969,70-74,0.04500,0.20288,2.58,61894,12557,279061,722093,11.67
MO,b,1960-1969,75-79,0.06880,0.29427,2.54,49337,14518,211008,443032,8.98
MO,b,1960-1969,80-84,0.11044,0.43173,2.47,34819,15032,136110,232023,6.66
MO,b,1960-1969,85-89,0.17391,0.59185,2.3,19787,11711,67339,95913,4.85
MO,b,1960-1969,90-94,0.25897,0.74202,2.12,8076,5992,23139,28574,3.54
MO,b,1960-1969,95-99,0.36917,0.85944,1.89,2083,1791,4850,5435,2.61
MO,b,1960-1969,100-104,0.49366,0.92963,1.65,293,272,551,585,2.00
MO,b,1960-1969,105-109,0.61989,0.96520,1.43,21,20,32,33,1.61
MO,b,1960-1969,110+,0.71747,1.00000,1.39,1,1,1,1,1.39
MO,b,1970-1979,0,0.01711,0.01685,0.1,100000,1685,98477,7209436,72.09
MO,b,1970-1979,1-4,0.00072,0.00288,1.66,98315,283,392601,7110959,72.33
MO,b,1970-1979,5-9,0.00038,0.00190,2.27,98033,186,489657,6718359,68.53
MO,b,1970-1979,10-14,0.00039,0.00195,2.79,97847,191,488813,6228702,63.66
MO,b,1970-1979,15-19,0.00116,0.00579,2.79,97656,566,487030,5739889,58.78
MO,b,1970-1979,20-24,0.00140,0.00698,2.48,97090,677,483745,5252859,54.10
MO,b,1970-1979,25-29,0.00133,0.00665,2.5,96413,641,480461,4769113,49.47
MO,b,1970-1979,30-34,0.00155,0.00773,2.58,95772,740,477067,4288652,44.78
MO,b,1970-1979,35-39,0.00212,0.01056,2.66,95032,1004,472815,3811585,40.11
MO,b,1970-1979,40-44,0.00331,0.01644,2.69,94028,1546,466568,3338769,35.51
MO,b,1970-1979,45-49,0.00517,0.02554,2.68,92483,2362,456940,2872201,31.06
MO,b,1970-1979,50-54,0.00791,0.03885,2.66,90121,3501,442424,2415262,26.80
MO,b,1970-1979,55-59,0.01201,0.05839,2.65,86620,5058,421227,1972838,22.78
MO,b,1970-1979,60-64,0.01837,0.08800,2.63,81562,7178,390806,1551610,19.02
MO,b,1970-1979,65-69,0.02726,0.12790,2.59,74384,9514,349027,1160805,15.61
MO,b,1970-1979,70-74,0.04001,0.18243,2.59,64870,11835,295805,811777,12.51
MO,b,1970-1979,75-79,0.06164,0.26778,2.55,53036,14202,230387,515972,9.73
MO,b,1970-1979,80-84,0.09584,0.38633,2.49,38834,15003,156538,285585,7.35
MO,b,1970-1979,85-89,0.14989,0.53793,2.38,23831,12820,85528,129047,5.42
MO,b,1970-1979,90-94,0.22633,0.69261,2.2,11012,7627,33697,43519,3.95
MO,b,1970-1979,95-99,0.32731,0.82292,1.98,3385,2785,8510,9821,2.90
MO,b,1970-1979,100-104,0.44780,0.90924,1.73,599,545,1217,1311,2.19
MO,b,1970-1979,105-109,0.57641,0.95575,1.5,54,52,90,94,1.72
MO,b,1970-1979,110+,0.67946,1.00000,1.47,2,2,4,4,1.47
MO,b,1980-1989,0,0.01107,0.01096,0.08,100000,1096,98991,7458032,74.58
MO,b,1980-1989,1-4,0.00054,0.00217,1.63,98904,215,395106,7359041,74.41
MO,b,1980-1989,5-9,0.00025,0.00123,2.31,98689,121,493120,6963935,70.56
MO,b,1980-1989,10-14,0.00029,0.00147,2.87,98568,145,492532,6470815,65.65
MO,b,1980-1989,15-19,0.00094,0.00468,2.83,98423,460,491114,5978284,60.74
MO,b,1980-1989,20-24,0.00118,0.00586,2.49,97963,574,488372,5487169,56.01
MO,b,1980-1989,25-29,0.00118,0.00587,2.54,97388,572,485534,4998798,51.33
MO,b,1980-1989,30-34,0.00131,0.00654,2.54,96817,633,482526,4513264,46.62
MO,b,1980-1989,35-39,0.00165,0.00823,2.61,96183,792,479024,4030737,41.91
MO,b,1980-1989,40-44,0.00243,0.01210,2.69,95391,1154,474285,3551713,37.23
MO,b,1980-1989,45-49,0.00391,0.01937,2.7,94237,1826,466995,3077428,32.66
MO,b,1980-1989,50-54,0.00647,0.03189,2.67,92411,2947,455188,2610434,28.25
MO,b,1980-1989,55-59,0.01042,0.05089,2.67,89465,4553,436700,2155245,24.09
MO,b,1980-1989,60-64,0.01593,0.07677,2.64,84912,6519,409183,1718545,20.24
MO,b,1980-1989,65-69,0.02360,0.11172,2.61,78393,8758,371037,1309362,16.70
MO,b,1980-1989,70-74,0.03560,0.16393,2.59,69635,11415,320676,938325,13.47
MO,b,1980-1989,75-79,0.05278,0.23376,2.56,58220,13610,257872,617648,10.61
MO,b,1980-1989,80-84,0.08252,0.34228,2.51,44610,15269,185029,359777,8.06
MO,b,1980-1989,85-89,0.13033,0.48743,2.41,29341,14302,109734,174748,5.96
MO,b,1980-1989,90-94,0.20160,0.64893,2.26,15039,9759,48409,65014,4.32
MO,b,1980-1989,95-99,0.29776,0.79216,2.05,5280,4183,14047,16605,3.14
MO,b,1980-1989,100-104,0.41763,0.89306,1.8,1097,980,2347,2558,2.33
MO,b,1980-1989,105-109,0.55006,0.94901,1.55,117,111,202,212,1.80
MO,b,1980-1989,110+,0.65831,1.00000,1.52,6,6,9,9,1.52
MO,b,1990-1999,0,0.00855,0.00848,0.07,100000,848,99213,7547993,75.48
MO,b,1990-1999,1-4,0.00042,0.00168,1.61,99152,167,396210,7448780,75.12
MO,b,1990-1999,5-9,0.00021,0.00107,2.35,98985,106,494646,7052570,71.25
MO,b,1990-1999,10-14,0.00027,0.00134,2.81,98879,133,494107,6557923,66.32
MO,b,1990-1999,15-19,0.00100,0.00497,2.81,98747,491,492657,6063816,61.41
MO,b,1990-1999,20-24,0.00114,0.00570,2.46,98256,560,489857,5571159,56.70
MO,b,1990-1999,25-29,0.00117,0.00584,2.56,97696,571,487087,5081302,52.01
MO,b,1990-1999,30-34,0.00145,0.00720,2.61,97125,700,483953,4594216,47.30
MO,b,1990-1999,35-39,0.00186,0.00926,2.61,96425,893,479986,4110262,42.63
MO,b,1990-1999,40-44,0.00248,0.01231,2.65,95532,1176,474892,3630276,38.00
MO,b,1990-1999,45-49,0.00367,0.01821,2.66,94356,1718,467760,3155384,33.44
MO,b,1990-1999,50-54,0.00572,0.02823,2.68,92637,2615,457126,2687624,29.01
MO,b,1990-1999,55-59,0.00919,0.04498,2.66,90023,4049,440644,2230498,24.78
MO,b,1990-1999,60-64,0.01445,0.06988,2.65,85973,6008,415732,1789854,20.82
MO,b,1990-1999,65-69,0.02181,0.10367,2.62,79965,8290,380128,1374122,17.18
MO,b,1990-1999,70-74,0.03285,0.15223,2.6,71675,10911,332141,993995,13.87
MO,b,1990-1999,75-79,0.04903,0.21914,2.58,60764,13316,271581,661854,10.89
MO,b,1990-1999,80-84,0.07924,0.33118,2.52,47449,15714,198310,390273,8.23
MO,b,1990-1999,85-89,0.12626,0.47660,2.43,31734,15125,119795,191962,6.05
MO,b,1990-1999,90-94,0.19917,0.64567,2.28,16610,10724,53846,72168,4.34
MO,b,1990-1999,95-99,0.30060,0.79625,2.05,5885,4686,15589,18322,3.11
MO,b,1990-1999,100-104,0.42777,0.89964,1.78,1199,1079,2522,2732,2.28
MO,b,1990-1999,105-109,0.56748,0.95415,1.52,120,115,202,210,1.75
MO,b,1990-1999,110+,0.68042,1.00000,1.47,6,6,8,8,1.47
MO,b,2000-2009,0,0.00770,0.00764,0.07,100000,764,99289,7659771,76.60
MO,b,2000-2009,1-4,0.00034,0.00138,1.61,99236,137,396616,7560482,76.19
MO,b,2000-2009,5-9,0.00016,0.00082,2.4,99099,81,495285,7163866,72.29
MO,b,2000-2009,10-14,0.00020,0.00101,2.85,99018,100,494876,6668581,67.35
MO,b,2000-2009,15-19,0.00080,0.00401,2.9,98918,397,493759,6173706,62.41
MO,b,2000-2009,20-24,0.00108,0.00539,2.51,98521,531,491281,5679947,57.65
MO,b,2000-2009,25-29,0.00111,0.00551,2.53,97990,540,488618,5188666,52.95
MO,b,2000-2009,30-34,0.00130,0.00646,2.62,97450,629,485752,4700048,48.23
MO,b,2000-2009,35-39,0.00172,0.00857,2.63,96821,830,482140,4214295,43.53
MO,b,2000-2009,40-44,0.00256,0.01273,2.65,95991,1222,477079,3732155,38.88
MO,b,2000-2009,45-49,0.00387,0.01918,2.65,94769,1817,469572,3255076,34.35
MO,b,2000-2009,50-54,0.00556,0.02744,2.63,92952,2551,458707,2785505,29.97
MO,b,2000-2009,55-59,0.00795,0.03900,2.64,90401,3526,443691,2326797,25.74
MO,b,2000-2009,60-64,0.01236,0.06004,2.65,86875,5216,422128,1883106,21.68
MO,b,2000-2009,65-69,0.01853,0.08873,2.63,81659,7246,391094,1460978,17.89
MO,b,2000-2009,70-74,0.02887,0.13504,2.61,74413,10049,348093,1069883,14.38
MO,b,2000-2009,75-79,0.04503,0.20312,2.59,64365,13074,290357,721790,11.21
MO,b,2000-2009,80-84,0.07363,0.31197,2.56,51291,16001,217336,431433,8.41
MO,b,2000-2009,85-89,0.12260,0.46756,2.46,35289,16500,134589,214097,6.07
MO,b,2000-2009,90-94,0.20479,0.65700,2.27,18789,12345,60280,79508,4.23
MO,b,2000-2009,95-99,0.31503,0.81313,2.03,6445,5240,16634,19229,2.98
MO,b,2000-2009,100-104,0.45425,0.91432,1.73,1204,1101,2424,2594,2.15
MO,b,2000-2009,105-109,0.60297,0.96282,1.47,103,99,165,170,1.65
MO,b,2000-2009,110+,0.71945,1.00000,1.39,4,4,5,5,1.39
MO,b,2010-2017,0,0.00645,0.00641,0.07,100000,641,99401,7745557,77.46
MO,b,2010-2017,1-4,0.00030,0.00118,1.63,99359,118,397156,7646156,76.96
MO,b,2010-2017,5-9,0.00013,0.00067,2.53,99241,66,496042,7249000,73.04
MO,b,2010-2017,10-14,0.00018,0.00088,2.72,99175,87,495676,6752958,68.09
MO,b,2010-2017,15-19,0.00063,0.00317,2.96,99088,314,494800,6257282,63.15
MO,b,2010-2017,20-24,0.00110,0.00550,2.61,98774,544,492569,5762483,58.34
MO,b,2010-2017,25-29,0.00128,0.00639,2.52,98230,628,489595,5269914,53.65
MO,b,2010-2017,30-34,0.00150,0.00748,2.59,97603,730,486251,4780318,48.98
MO,b,2010-2017,35-39,0.00189,0.00939,2.59,96872,910,482172,4294067,44.33
MO,b,2010-2017,40-44,0.00245,0.01218,2.62,95962,1169,477034,3811895,39.72
MO,b,2010-2017,45-49,0.00365,0.01810,2.69,94794,1715,470010,3334861,35.18
MO,b,2010-2017,50-54,0.00573,0.02825,2.64,93078,2629,459180,2864851,30.78
MO,b,2010-2017,55-59,0.00832,0.04082,2.63,90449,3692,443502,2405671,26.60
MO,b,2010-2017,60-64,0.01173,0.05707,2.62,86757,4951,421997,1962169,22.62
MO,b,2010-2017,65-69,0.01670,0.08033,2.64,81807,6572,393502,1540172,18.83
MO,b,2010-2017,70-74,0.02568,0.12100,2.63,75235,9104,354572,1146670,15.24
MO,b,2010-2017,75-79,0.04020,0.18333,2.6,66131,12124,301619,792098,11.98
MO,b,2010-2017,80-84,0.06400,0.27706,2.58,54007,14963,233801,490480,9.08
MO,b,2010-2017,85-89,0.10745,0.42378,2.51,39044,16546,153984,256679,6.57
MO,b,2010-2017,90-94,0.18531,0.61914,2.32,22498,13929,75169,102695,4.56
MO,b,2010-2017,95-99,0.28843,0.78366,2.09,8568,6715,23280,27526,3.21
MO,b,2010-2017,100-104,0.42487,0.89911,1.79,1854,1667,3923,4245,2.29
MO,b,2010-2017,105-109,0.57513,0.95663,1.51,187,179,311,323,1.73
MO,b,2010-2017,110+,0.69543,1.00000,1.44,8,8,12,12,1.44
