PopName,Sex,Year,Age,mx,qx,ax,lx,dx,Lx,Tx,ex
AK,f,1960-1969,0,0.02754,0.02689,0.13,100000,2689,97661,7303177,73.03
AK,f,1960-1969,1-4,0.00174,0.00694,1.53,97311,675,387577,7205516,74.05
AK,f,1960-1969,5-9,0.00070,0.00349,2.33,96636,337,482280,6817939,70.55
AK,f,1960-1969,10-14,0.00043,0.00216,2.3,96299,208,480935,6335659,65.79
AK,f,1960-1969,15-19,0.00069,0.00347,2.74,96091,333,479704,5854725,60.93
AK,f,1960-1969,20-24,0.00114,0.00567,2.73,95758,543,477555,5375020,56.13
AK,f,1960-1969,25-29,0.00115,0.00573,2.45,95215,546,474684,4897465,51.44
AK,f,1960-1969,30-34,0.00170,0.00845,2.52,94669,800,471362,4422781,46.72
AK,f,1960-1969,35-39,0.00216,0.01074,2.61,93869,1008,466931,3951419,42.10
AK,f,1960-1969,40-44,0.00333,0.01652,2.75,92861,1534,460849,3484488,37.52
AK,f,1960-1969,45-49,0.00474,0.02342,2.56,91327,2139,451423,3023639,33.11
AK,f,1960-1969,50-54,0.00625,0.03081,2.78,89188,2748,439842,2572216,28.84
AK,f,1960-1969,55-59,0.00903,0.04420,2.6,86441,3821,423043,2132374,24.67
AK,f,1960-1969,60-64,0.01325,0.06426,2.66,82620,5309,400685,1709331,20.69
AK,f,1960-1969,65-69,0.02125,0.10111,2.61,77311,7817,367881,1308645,16.93
AK,f,1960-1969,70-74,0.03453,0.16044,2.79,69494,11149,322850,940765,13.54
AK,f,1960-1969,75-79,0.05643,0.24778,2.54,58344,14457,256207,617914,10.59
AK,f,1960-1969,80-84,0.10050,0.39757,2.37,43888,17448,173608,361707,8.24
AK,f,1960-1969,85-89,0.12088,0.45695,2.33,26439,12081,99948,188099,7.11
AK,f,1960-1969,90-94,0.14468,0.51917,2.28,14358,7454,51522,88151,6.14
AK,f,1960-1969,95-99,0.17221,0.58255,2.22,6904,4022,23354,36629,5.31
AK,f,1960-1969,100-104,0.20368,0.64510,2.16,2882,1859,9128,13275,4.61
AK,f,1960-1969,105-109,0.23918,0.70480,2.09,1023,721,3014,4147,4.05
AK,f,1960-1969,110+,0.26645,1.00000,3.75,302,302,1133,1133,3.75
AK,f,1970-1979,0,0.01504,0.01483,0.1,100000,1483,98658,7584915,75.85
AK,f,1970-1979,1-4,0.00094,0.00375,1.54,98517,369,393158,7486257,75.99
AK,f,1970-1979,5-9,0.00038,0.00192,2.16,98147,188,490203,7093100,72.27
AK,f,1970-1979,10-14,0.00045,0.00226,2.8,97959,221,489310,6602897,67.40
AK,f,1970-1979,15-19,0.00101,0.00505,2.64,97738,494,487525,6113586,62.55
AK,f,1970-1979,20-24,0.00121,0.00602,2.57,97245,585,484801,5626061,57.85
AK,f,1970-1979,25-29,0.00087,0.00437,2.68,96659,422,482319,5141260,53.19
AK,f,1970-1979,30-34,0.00123,0.00611,2.67,96237,588,479815,4658941,48.41
AK,f,1970-1979,35-39,0.00155,0.00770,2.7,95649,736,476554,4179126,43.69
AK,f,1970-1979,40-44,0.00292,0.01451,2.68,94913,1377,471372,3702572,39.01
AK,f,1970-1979,45-49,0.00403,0.01995,2.67,93536,1866,463330,3231200,34.55
AK,f,1970-1979,50-54,0.00603,0.02973,2.67,91670,2725,452008,2767870,30.19
AK,f,1970-1979,55-59,0.00861,0.04218,2.63,88945,3752,435827,2315862,26.04
AK,f,1970-1979,60-64,0.01225,0.05943,2.5,85193,5063,413314,1880034,22.07
AK,f,1970-1979,65-69,0.01882,0.09006,2.6,80130,7216,383333,1466721,18.30
AK,f,1970-1979,70-74,0.02704,0.12731,2.71,72913,9282,343324,1083388,14.86
AK,f,1970-1979,75-79,0.04963,0.22062,2.49,63631,14038,282871,740064,11.63
AK,f,1970-1979,80-84,0.07315,0.30926,2.5,49593,15337,209655,457193,9.22
AK,f,1970-1979,85-89,0.10519,0.41408,2.43,34256,14185,134850,247537,7.23
AK,f,1970-1979,90-94,0.14875,0.53265,2.34,20071,10691,71874,112688,5.61
AK,f,1970-1979,95-99,0.20581,0.65376,2.21,9380,6132,29797,40814,4.35
AK,f,1970-1979,100-104,0.27719,0.76332,2.06,3248,2479,8944,11017,3.39
AK,f,1970-1979,105-109,0.36168,0.85006,1.88,769,653,1807,2073,2.70
AK,f,1970-1979,110+,0.43284,1.00000,2.31,115,115,266,266,2.31
AK,f,1980-1989,0,0.00935,0.00927,0.08,100000,927,99147,7797779,77.98
AK,f,1980-1989,1-4,0.00051,0.00203,1.63,99073,201,395818,7698632,77.71
AK,f,1980-1989,5-9,0.00030,0.00150,2.3,98872,148,493962,7302815,73.86
AK,f,1980-1989,10-14,0.00028,0.00138,2.94,98725,136,493343,6808852,68.97
AK,f,1980-1989,15-19,0.00080,0.00398,2.68,98589,392,492031,6315509,64.06
AK,f,1980-1989,20-24,0.00094,0.00470,2.51,98196,461,489833,5823479,59.30
AK,f,1980-1989,25-29,0.00091,0.00453,2.38,97735,443,487514,5333646,54.57
AK,f,1980-1989,30-34,0.00085,0.00423,2.58,97292,411,485467,4846132,49.81
AK,f,1980-1989,35-39,0.00114,0.00567,2.53,96881,549,483052,4360665,45.01
AK,f,1980-1989,40-44,0.00164,0.00819,2.56,96332,789,479736,3877613,40.25
AK,f,1980-1989,45-49,0.00273,0.01357,2.55,95543,1297,474543,3397877,35.56
AK,f,1980-1989,50-54,0.00454,0.02247,2.6,94247,2117,466143,2923335,31.02
AK,f,1980-1989,55-59,0.00690,0.03398,2.69,92129,3131,453414,2457191,26.67
AK,f,1980-1989,60-64,0.00989,0.04835,2.73,88999,4303,435238,2003777,22.51
AK,f,1980-1989,65-69,0.01852,0.08861,2.59,84696,7505,405356,1568539,18.52
AK,f,1980-1989,70-74,0.02998,0.14013,2.68,77191,10817,360819,1163183,15.07
AK,f,1980-1989,75-79,0.04176,0.18996,2.63,66374,12608,301935,802364,12.09
AK,f,1980-1989,80-84,0.06510,0.28096,2.56,53766,15106,232044,500430,9.31
AK,f,1980-1989,85-89,0.10453,0.41353,2.48,38660,15987,152945,268385,6.94
AK,f,1980-1989,90-94,0.16304,0.56879,2.34,22673,12896,79097,115440,5.09
AK,f,1980-1989,95-99,0.24439,0.72123,2.16,9777,7051,28852,36343,3.72
AK,f,1980-1989,100-104,0.34846,0.84218,1.93,2725,2295,6587,7491,2.75
AK,f,1980-1989,105-109,0.46902,0.91908,1.69,430,395,843,904,2.10
AK,f,1980-1989,110+,0.57071,1.00000,1.75,35,35,61,61,1.75
AK,f,1990-1999,0,0.00685,0.00681,0.07,100000,681,99369,7911982,79.12
AK,f,1990-1999,1-4,0.00042,0.00166,1.73,99319,165,396903,7812613,78.66
AK,f,1990-1999,5-9,0.00021,0.00105,1.96,99155,104,495456,7415710,74.79
AK,f,1990-1999,10-14,0.00021,0.00103,2.36,99051,102,494983,6920254,69.87
AK,f,1990-1999,15-19,0.00052,0.00260,2.77,98948,257,494169,6425271,64.94
AK,f,1990-1999,20-24,0.00072,0.00361,2.43,98691,356,492543,5931101,60.10
AK,f,1990-1999,25-29,0.00085,0.00424,2.34,98335,417,490568,5438559,55.31
AK,f,1990-1999,30-34,0.00088,0.00439,2.6,97918,430,488558,4947991,50.53
AK,f,1990-1999,35-39,0.00111,0.00552,2.34,97488,538,486009,4459433,45.74
AK,f,1990-1999,40-44,0.00138,0.00687,2.66,96950,666,483188,3973424,40.98
AK,f,1990-1999,45-49,0.00224,0.01116,2.71,96284,1074,478955,3490237,36.25
AK,f,1990-1999,50-54,0.00310,0.01538,2.64,95210,1465,472595,3011282,31.63
AK,f,1990-1999,55-59,0.00585,0.02888,2.68,93745,2707,462444,2538687,27.08
AK,f,1990-1999,60-64,0.01047,0.05113,2.67,91038,4655,444366,2076243,22.81
AK,f,1990-1999,65-69,0.01577,0.07605,2.65,86383,6569,416469,1631877,18.89
AK,f,1990-1999,70-74,0.02657,0.12515,2.68,79814,9988,375886,1215407,15.23
AK,f,1990-1999,75-79,0.04160,0.18926,2.62,69825,13215,317705,839521,12.02
AK,f,1990-1999,80-84,0.06332,0.27466,2.59,56610,15549,245571,521816,9.22
AK,f,1990-1999,85-89,0.10679,0.42108,2.49,41061,17290,161912,276245,6.73
AK,f,1990-1999,90-94,0.17366,0.59364,2.34,23771,14112,81262,114333,4.81
AK,f,1990-1999,95-99,0.26840,0.75686,2.12,9660,7311,27238,33071,3.42
AK,f,1990-1999,100-104,0.38930,0.87543,1.86,2349,2056,5281,5832,2.48
AK,f,1990-1999,105-109,0.52561,0.94183,1.59,293,276,524,551,1.88
AK,f,1990-1999,110+,0.63792,1.00000,1.57,17,17,27,27,1.57
AK,f,2000-2009,0,0.00636,0.00633,0.07,100000,633,99412,7974476,79.74
AK,f,2000-2009,1-4,0.00038,0.00152,1.86,99367,151,397146,7875063,79.25
AK,f,2000-2009,5-9,0.00013,0.00063,2.2,99216,62,495905,7477918,75.37
AK,f,2000-2009,10-14,0.00024,0.00118,2.63,99153,117,495491,6982013,70.42
AK,f,2000-2009,15-19,0.00062,0.00309,2.83,99037,307,494520,6486522,65.50
AK,f,2000-2009,20-24,0.00062,0.00308,2.36,98730,304,492849,5992002,60.69
AK,f,2000-2009,25-29,0.00071,0.00355,2.61,98426,349,491296,5499153,55.87
AK,f,2000-2009,30-34,0.00096,0.00477,2.65,98077,468,489286,5007857,51.06
AK,f,2000-2009,35-39,0.00146,0.00726,2.65,97610,708,486381,4518571,46.29
AK,f,2000-2009,40-44,0.00207,0.01031,2.52,96901,999,482028,4032189,41.61
AK,f,2000-2009,45-49,0.00264,0.01310,2.65,95902,1257,476560,3550161,37.02
AK,f,2000-2009,50-54,0.00350,0.01737,2.48,94645,1644,469086,3073601,32.47
AK,f,2000-2009,55-59,0.00500,0.02471,2.63,93002,2298,459570,2604515,28.01
AK,f,2000-2009,60-64,0.00815,0.04002,2.73,90704,3630,445280,2144945,23.65
AK,f,2000-2009,65-69,0.01380,0.06683,2.66,87074,5819,421774,1699665,19.52
AK,f,2000-2009,70-74,0.02205,0.10487,2.67,81254,8521,386380,1277891,15.73
AK,f,2000-2009,75-79,0.03786,0.17378,2.64,72733,12639,333814,891511,12.26
AK,f,2000-2009,80-84,0.06089,0.26575,2.61,60094,15970,262262,557697,9.28
AK,f,2000-2009,85-89,0.10594,0.41893,2.5,44124,18485,174480,295435,6.70
AK,f,2000-2009,90-94,0.17693,0.60146,2.34,25639,15421,87157,120955,4.72
AK,f,2000-2009,95-99,0.27894,0.77147,2.1,10218,7883,28260,33798,3.31
AK,f,2000-2009,100-104,0.40920,0.88931,1.82,2335,2077,5075,5538,2.37
AK,f,2000-2009,105-109,0.55394,0.95081,1.55,258,246,444,463,1.79
AK,f,2000-2009,110+,0.67116,1.00000,1.49,13,13,19,19,1.49
AK,f,2010-2017,0,0.00476,0.00474,0.07,100000,474,99558,8070324,80.70
AK,f,2010-2017,1-4,0.00036,0.00145,1.47,99526,144,397740,7970766,80.09
AK,f,2010-2017,5-9,0.00011,0.00055,2.25,99382,54,496761,7573026,76.20
AK,f,2010-2017,10-14,0.00018,0.00092,2.76,99328,92,496433,7076265,71.24
AK,f,2010-2017,15-19,0.00055,0.00273,3.12,99236,271,495670,6579832,66.30
AK,f,2010-2017,20-24,0.00079,0.00396,2.47,98965,392,493831,6084162,61.48
AK,f,2010-2017,25-29,0.00099,0.00496,2.63,98573,489,491705,5590330,56.71
AK,f,2010-2017,30-34,0.00111,0.00553,2.56,98084,542,489096,5098626,51.98
AK,f,2010-2017,35-39,0.00147,0.00735,2.64,97541,717,486012,4609530,47.26
AK,f,2010-2017,40-44,0.00181,0.00901,2.58,96825,873,482013,4123518,42.59
AK,f,2010-2017,45-49,0.00302,0.01497,2.55,95952,1436,476248,3641506,37.95
AK,f,2010-2017,50-54,0.00410,0.02032,2.69,94516,1920,468138,3165257,33.49
AK,f,2010-2017,55-59,0.00548,0.02704,2.66,92596,2503,457108,2697119,29.13
AK,f,2010-2017,60-64,0.00721,0.03544,2.69,90092,3193,443073,2240011,24.86
AK,f,2010-2017,65-69,0.01140,0.05558,2.75,86899,4830,423616,1796938,20.68
AK,f,2010-2017,70-74,0.01898,0.09076,2.59,82069,7449,392430,1373322,16.73
AK,f,2010-2017,75-79,0.03082,0.14376,2.67,74620,10727,348100,980892,13.15
AK,f,2010-2017,80-84,0.05237,0.23304,2.64,63893,14890,284320,632792,9.90
AK,f,2010-2017,85-89,0.09462,0.38383,2.54,49003,18809,198786,348472,7.11
AK,f,2010-2017,90-94,0.16390,0.57329,2.38,30194,17310,105616,149686,4.96
AK,f,2010-2017,95-99,0.26696,0.75682,2.14,12884,9751,36526,44070,3.42
AK,f,2010-2017,100-104,0.40198,0.88556,1.84,3133,2775,6902,7544,2.41
AK,f,2010-2017,105-109,0.55404,0.95130,1.55,359,341,616,641,1.79
AK,f,2010-2017,110+,0.67735,1.00000,1.48,17,17,26,26,1.48
