PopName,Sex,Year,Age,mx,qx,ax,lx,dx,Lx,Tx,ex
ND,m,1960-1969,0,0.02527,0.02472,0.11,100000,2472,97807,6880772,68.81
ND,m,1960-1969,1-4,0.00103,0.00412,1.67,97528,402,389174,6782965,69.55
ND,m,1960-1969,5-9,0.00050,0.00250,2.47,97126,243,485016,6393790,65.83
ND,m,1960-1969,10-14,0.00051,0.00255,2.82,96883,247,483875,5908774,60.99
ND,m,1960-1969,15-19,0.00151,0.00751,2.91,96636,726,481658,5424899,56.14
ND,m,1960-1969,20-24,0.00206,0.01027,2.4,95910,985,476989,4943241,51.54
ND,m,1960-1969,25-29,0.00187,0.00930,2.38,94925,883,472311,4466252,47.05
ND,m,1960-1969,30-34,0.00188,0.00936,2.58,94042,880,468076,3993941,42.47
ND,m,1960-1969,35-39,0.00238,0.01182,2.68,93161,1101,463250,3525865,37.85
ND,m,1960-1969,40-44,0.00385,0.01909,2.71,92061,1757,456281,3062615,33.27
ND,m,1960-1969,45-49,0.00610,0.03005,2.61,90303,2713,445029,2606334,28.86
ND,m,1960-1969,50-54,0.00956,0.04676,2.69,87590,4095,428486,2161305,24.68
ND,m,1960-1969,55-59,0.01439,0.06956,2.6,83495,5808,403554,1732820,20.75
ND,m,1960-1969,60-64,0.02265,0.10744,2.62,77686,8347,368569,1329266,17.11
ND,m,1960-1969,65-69,0.03397,0.15708,2.61,69340,10892,320664,960696,13.85
ND,m,1960-1969,70-74,0.05137,0.22847,2.58,58448,13353,259942,640033,10.95
ND,m,1960-1969,75-79,0.07628,0.31997,2.48,45094,14429,189155,380091,8.43
ND,m,1960-1969,80-84,0.12296,0.46732,2.43,30665,14331,116549,190936,6.23
ND,m,1960-1969,85-89,0.18915,0.62473,2.28,16335,10205,53950,74388,4.55
ND,m,1960-1969,90-94,0.27863,0.76852,2.08,6130,4711,16908,20438,3.33
ND,m,1960-1969,95-99,0.38930,0.87401,1.85,1419,1240,3186,3530,2.49
ND,m,1960-1969,100-104,0.51272,0.93653,1.61,179,167,327,344,1.93
ND,m,1960-1969,105-109,0.63542,0.96799,1.41,11,11,17,18,1.57
ND,m,1960-1969,110+,0.72937,1.00000,1.37,0,0,0,0,1.37
ND,m,1970-1979,0,0.01618,0.01594,0.09,100000,1594,98547,7052278,70.52
ND,m,1970-1979,1-4,0.00077,0.00309,1.79,98406,304,392951,6953731,70.66
ND,m,1970-1979,5-9,0.00043,0.00214,2.31,98101,209,489944,6560781,66.88
ND,m,1970-1979,10-14,0.00047,0.00233,3.02,97892,229,489007,6070837,62.02
ND,m,1970-1979,15-19,0.00165,0.00821,2.93,97663,802,486655,5581830,57.15
ND,m,1970-1979,20-24,0.00183,0.00909,2.47,96861,881,482079,5095175,52.60
ND,m,1970-1979,25-29,0.00151,0.00755,2.57,95981,724,478145,4613096,48.06
ND,m,1970-1979,30-34,0.00159,0.00792,2.52,95256,754,474409,4134951,43.41
ND,m,1970-1979,35-39,0.00231,0.01146,2.49,94502,1083,469793,3660542,38.73
ND,m,1970-1979,40-44,0.00342,0.01696,2.73,93419,1584,463506,3190749,34.16
ND,m,1970-1979,45-49,0.00541,0.02672,2.73,91835,2454,453611,2727242,29.70
ND,m,1970-1979,50-54,0.00857,0.04203,2.75,89381,3757,438440,2273631,25.44
ND,m,1970-1979,55-59,0.01351,0.06548,2.65,85624,5606,414946,1835191,21.43
ND,m,1970-1979,60-64,0.02114,0.10069,2.65,80018,8057,381191,1420245,17.75
ND,m,1970-1979,65-69,0.03211,0.14904,2.6,71961,10725,334052,1039053,14.44
ND,m,1970-1979,70-74,0.04889,0.21845,2.56,61236,13377,273582,705001,11.51
ND,m,1970-1979,75-79,0.07043,0.30016,2.54,47859,14365,203954,431419,9.01
ND,m,1970-1979,80-84,0.11091,0.43203,2.44,33494,14470,130467,227465,6.79
ND,m,1970-1979,85-89,0.16518,0.57256,2.32,19023,10892,65940,96998,5.10
ND,m,1970-1979,90-94,0.23820,0.71031,2.16,8131,5776,24247,31058,3.82
ND,m,1970-1979,95-99,0.33003,0.82387,1.96,2356,1941,5880,6811,2.89
ND,m,1970-1979,100-104,0.43663,0.90195,1.75,415,374,857,930,2.24
ND,m,1970-1979,105-109,0.54970,0.94762,1.54,41,39,70,73,1.81
ND,m,1970-1979,110+,0.64097,1.00000,1.56,2,2,3,3,1.56
ND,m,1980-1989,0,0.01091,0.01081,0.07,100000,1081,99000,7336618,73.37
ND,m,1980-1989,1-4,0.00060,0.00238,1.66,98919,236,395127,7237618,73.17
ND,m,1980-1989,5-9,0.00029,0.00144,2.41,98684,143,493050,6842491,69.34
ND,m,1980-1989,10-14,0.00036,0.00179,2.85,98541,177,492327,6349441,64.43
ND,m,1980-1989,15-19,0.00117,0.00586,2.91,98365,576,490617,5857114,59.54
ND,m,1980-1989,20-24,0.00153,0.00762,2.59,97788,746,487142,5366497,54.88
ND,m,1980-1989,25-29,0.00119,0.00593,2.48,97043,576,483764,4879355,50.28
ND,m,1980-1989,30-34,0.00118,0.00586,2.49,96467,565,480913,4395591,45.57
ND,m,1980-1989,35-39,0.00147,0.00730,2.58,95901,700,477809,3914678,40.82
ND,m,1980-1989,40-44,0.00237,0.01180,2.6,95201,1124,473311,3436869,36.10
ND,m,1980-1989,45-49,0.00404,0.02000,2.7,94077,1882,466054,2963558,31.50
ND,m,1980-1989,50-54,0.00678,0.03336,2.64,92195,3076,453729,2497504,27.09
ND,m,1980-1989,55-59,0.01012,0.04940,2.64,89119,4403,435226,2043775,22.93
ND,m,1980-1989,60-64,0.01707,0.08205,2.63,84717,6951,407096,1608549,18.99
ND,m,1980-1989,65-69,0.02684,0.12619,2.63,77766,9813,365572,1201453,15.45
ND,m,1980-1989,70-74,0.04224,0.19174,2.6,67953,13029,308488,835881,12.30
ND,m,1980-1989,75-79,0.06343,0.27492,2.58,54924,15100,238043,527393,9.60
ND,m,1980-1989,80-84,0.09809,0.39343,2.49,39824,15668,159737,289350,7.27
ND,m,1980-1989,85-89,0.15229,0.54333,2.36,24156,13125,86179,129613,5.37
ND,m,1980-1989,90-94,0.22803,0.69514,2.19,11031,7668,33630,43435,3.94
ND,m,1980-1989,95-99,0.32598,0.82108,1.98,3363,2761,8471,9805,2.92
ND,m,1980-1989,100-104,0.44148,0.90545,1.74,602,545,1234,1334,2.22
ND,m,1980-1989,105-109,0.56409,0.95220,1.52,57,54,96,100,1.76
ND,m,1980-1989,110+,0.66241,1.00000,1.51,3,3,4,4,1.51
ND,m,1990-1999,0,0.00832,0.00825,0.07,100000,825,99230,7484704,74.85
ND,m,1990-1999,1-4,0.00043,0.00170,1.75,99175,169,396319,7385474,74.47
ND,m,1990-1999,5-9,0.00021,0.00104,2.34,99006,102,494756,6989155,70.59
ND,m,1990-1999,10-14,0.00035,0.00174,2.86,98903,172,494147,6494399,65.66
ND,m,1990-1999,15-19,0.00095,0.00476,2.71,98731,470,492581,6000251,60.77
ND,m,1990-1999,20-24,0.00118,0.00589,2.56,98261,579,489892,5507670,56.05
ND,m,1990-1999,25-29,0.00095,0.00475,2.51,97682,464,487255,5017779,51.37
ND,m,1990-1999,30-34,0.00126,0.00628,2.52,97218,611,484578,4530523,46.60
ND,m,1990-1999,35-39,0.00149,0.00741,2.61,96607,716,481328,4045945,41.88
ND,m,1990-1999,40-44,0.00208,0.01037,2.83,95891,994,477294,3564617,37.17
ND,m,1990-1999,45-49,0.00345,0.01709,2.7,94897,1622,470759,3087323,32.53
ND,m,1990-1999,50-54,0.00547,0.02701,2.7,93275,2519,460570,2616565,28.05
ND,m,1990-1999,55-59,0.00939,0.04594,2.67,90756,4169,444071,2155995,23.76
ND,m,1990-1999,60-64,0.01494,0.07216,2.64,86587,6249,418162,1711923,19.77
ND,m,1990-1999,65-69,0.02392,0.11313,2.6,80338,9089,379917,1293762,16.10
ND,m,1990-1999,70-74,0.03584,0.16500,2.6,71249,11756,328030,913845,12.83
ND,m,1990-1999,75-79,0.05857,0.25679,2.6,59493,15277,260858,585815,9.85
ND,m,1990-1999,80-84,0.09332,0.37885,2.52,44216,16751,179504,324956,7.35
ND,m,1990-1999,85-89,0.15239,0.54466,2.38,27465,14959,98166,145453,5.30
ND,m,1990-1999,90-94,0.23779,0.71237,2.19,12506,8909,37464,47287,3.78
ND,m,1990-1999,95-99,0.34999,0.84477,1.94,3597,3039,8682,9823,2.73
ND,m,1990-1999,100-104,0.48133,0.92532,1.67,558,517,1073,1141,2.04
ND,m,1990-1999,105-109,0.61618,0.96485,1.44,42,40,65,67,1.61
ND,m,1990-1999,110+,0.72043,1.00000,1.39,1,1,2,2,1.39
ND,m,2000-2009,0,0.00729,0.00724,0.06,100000,724,99323,7641617,76.42
ND,m,2000-2009,1-4,0.00029,0.00116,1.49,99276,115,396817,7542294,75.97
ND,m,2000-2009,5-9,0.00018,0.00091,2.49,99161,90,495580,7145477,72.06
ND,m,2000-2009,10-14,0.00023,0.00115,3.17,99071,114,495147,6649897,67.12
ND,m,2000-2009,15-19,0.00085,0.00425,2.78,98957,420,493851,6154750,62.20
ND,m,2000-2009,20-24,0.00101,0.00504,2.73,98537,497,491557,5660899,57.45
ND,m,2000-2009,25-29,0.00135,0.00675,2.48,98040,662,488529,5169342,52.73
ND,m,2000-2009,30-34,0.00122,0.00609,2.44,97378,593,485375,4680812,48.07
ND,m,2000-2009,35-39,0.00157,0.00784,2.65,96785,759,482145,4195437,43.35
ND,m,2000-2009,40-44,0.00251,0.01247,2.64,96027,1197,477312,3713292,38.67
ND,m,2000-2009,45-49,0.00344,0.01707,2.64,94829,1619,470323,3235980,34.12
ND,m,2000-2009,50-54,0.00485,0.02400,2.65,93211,2237,460787,2765657,29.67
ND,m,2000-2009,55-59,0.00730,0.03590,2.64,90974,3266,447170,2304870,25.34
ND,m,2000-2009,60-64,0.01209,0.05877,2.64,87709,5154,426353,1857700,21.18
ND,m,2000-2009,65-69,0.01931,0.09242,2.68,82554,7630,395098,1431347,17.34
ND,m,2000-2009,70-74,0.03063,0.14296,2.68,74924,10711,349734,1036249,13.83
ND,m,2000-2009,75-79,0.04732,0.21260,2.62,64213,13652,288510,686515,10.69
ND,m,2000-2009,80-84,0.08019,0.33561,2.57,50561,16969,211607,398004,7.87
ND,m,2000-2009,85-89,0.13973,0.51422,2.43,33592,17274,123626,186397,5.55
ND,m,2000-2009,90-94,0.23070,0.70283,2.22,16318,11469,49715,62771,3.85
ND,m,2000-2009,95-99,0.35458,0.85044,1.94,4849,4124,11631,13056,2.69
ND,m,2000-2009,100-104,0.50124,0.93433,1.64,725,678,1352,1425,1.96
ND,m,2000-2009,105-109,0.64907,0.97128,1.39,48,46,71,73,1.53
ND,m,2000-2009,110+,0.75948,1.00000,1.32,1,1,2,2,1.32
ND,m,2010-2017,0,0.00682,0.00678,0.06,100000,678,99365,7709302,77.09
ND,m,2010-2017,1-4,0.00029,0.00115,1.75,99322,115,397030,7609937,76.62
ND,m,2010-2017,5-9,0.00017,0.00084,2.5,99207,84,495827,7212908,72.71
ND,m,2010-2017,10-14,0.00014,0.00068,2.36,99123,68,495438,6717081,67.76
ND,m,2010-2017,15-19,0.00088,0.00438,2.82,99056,434,494333,6221643,62.81
ND,m,2010-2017,20-24,0.00124,0.00617,2.66,98621,609,491684,5727311,58.07
ND,m,2010-2017,25-29,0.00128,0.00640,2.65,98013,627,488587,5235626,53.42
ND,m,2010-2017,30-34,0.00178,0.00888,2.63,97385,865,484872,4747039,48.74
ND,m,2010-2017,35-39,0.00189,0.00939,2.62,96520,906,480444,4262167,44.16
ND,m,2010-2017,40-44,0.00272,0.01349,2.6,95614,1290,474970,3781723,39.55
ND,m,2010-2017,45-49,0.00372,0.01842,2.67,94324,1738,467575,3306753,35.06
ND,m,2010-2017,50-54,0.00539,0.02662,2.65,92586,2465,457149,2839178,30.67
ND,m,2010-2017,55-59,0.00772,0.03790,2.63,90121,3416,442525,2382029,26.43
ND,m,2010-2017,60-64,0.01107,0.05393,2.64,86705,4676,422486,1939504,22.37
ND,m,2010-2017,65-69,0.01674,0.08058,2.69,82030,6610,394886,1517017,18.49
ND,m,2010-2017,70-74,0.02596,0.12234,2.65,75419,9227,355404,1122132,14.88
ND,m,2010-2017,75-79,0.04232,0.19229,2.62,66192,12728,300729,766727,11.58
ND,m,2010-2017,80-84,0.06558,0.28359,2.62,53464,15162,231193,465998,8.72
ND,m,2010-2017,85-89,0.11894,0.45808,2.49,38303,17546,147519,234805,6.13
ND,m,2010-2017,90-94,0.20450,0.65795,2.29,20757,13657,66782,87286,4.21
ND,m,2010-2017,95-99,0.32650,0.82590,2.01,7100,5864,17960,20504,2.89
ND,m,2010-2017,100-104,0.47672,0.92521,1.69,1236,1144,2399,2544,2.06
ND,m,2010-2017,105-109,0.63262,0.96880,1.42,92,90,142,145,1.57
ND,m,2010-2017,110+,0.75051,1.00000,1.33,3,3,4,4,1.33
