PopName,Sex,Year,Age,mx,qx,ax,lx,dx,Lx,Tx,ex
IL,f,1960-1969,0,0.02139,0.02099,0.11,100000,2099,98138,7328301,73.28
IL,f,1960-1969,1-4,0.00086,0.00344,1.58,97901,337,390787,7230163,73.85
IL,f,1960-1969,5-9,0.00035,0.00177,2.2,97564,172,487338,6839376,70.10
IL,f,1960-1969,10-14,0.00030,0.00151,2.64,97392,147,486612,6352038,65.22
IL,f,1960-1969,15-19,0.00058,0.00291,2.73,97244,283,485579,5865426,60.32
IL,f,1960-1969,20-24,0.00073,0.00363,2.55,96962,352,483948,5379847,55.48
IL,f,1960-1969,25-29,0.00089,0.00442,2.59,96610,427,482020,4895899,50.68
IL,f,1960-1969,30-34,0.00130,0.00649,2.64,96182,624,479439,4413879,45.89
IL,f,1960-1969,35-39,0.00197,0.00982,2.64,95558,938,475578,3934440,41.17
IL,f,1960-1969,40-44,0.00293,0.01455,2.65,94620,1377,469870,3458862,36.56
IL,f,1960-1969,45-49,0.00448,0.02216,2.64,93243,2066,461333,2988992,32.06
IL,f,1960-1969,50-54,0.00662,0.03257,2.64,91177,2970,448885,2527658,27.72
IL,f,1960-1969,55-59,0.00959,0.04689,2.64,88207,4136,431253,2078774,23.57
IL,f,1960-1969,60-64,0.01461,0.07062,2.63,84071,5937,406257,1647521,19.60
IL,f,1960-1969,65-69,0.02316,0.10975,2.63,78133,8575,370327,1241264,15.89
IL,f,1960-1969,70-74,0.03740,0.17177,2.63,69558,11948,319456,870937,12.52
IL,f,1960-1969,75-79,0.06004,0.26182,2.56,57610,15083,251230,551480,9.57
IL,f,1960-1969,80-84,0.10049,0.40138,2.49,42527,17069,169857,300250,7.06
IL,f,1960-1969,85-89,0.16135,0.56496,2.35,25457,14382,89139,130393,5.12
IL,f,1960-1969,90-94,0.24338,0.72092,2.17,11075,7984,32805,41254,3.73
IL,f,1960-1969,95-99,0.35014,0.84407,1.93,3091,2609,7451,8449,2.73
IL,f,1960-1969,100-104,0.47459,0.92187,1.68,482,444,936,998,2.07
IL,f,1960-1969,105-109,0.60299,0.96183,1.46,38,36,60,62,1.65
IL,f,1960-1969,110+,0.70339,1.00000,1.42,1,1,2,2,1.42
IL,f,1970-1979,0,0.01664,0.01639,0.1,100000,1639,98524,7536988,75.37
IL,f,1970-1979,1-4,0.00068,0.00270,1.61,98361,266,392809,7438464,75.62
IL,f,1970-1979,5-9,0.00029,0.00145,2.36,98095,143,490101,7045655,71.82
IL,f,1970-1979,10-14,0.00027,0.00136,2.67,97953,133,489454,6555554,66.93
IL,f,1970-1979,15-19,0.00060,0.00301,2.75,97820,295,488435,6066100,62.01
IL,f,1970-1979,20-24,0.00070,0.00351,2.47,97525,342,486759,5577664,57.19
IL,f,1970-1979,25-29,0.00078,0.00387,2.59,97183,377,485005,5090905,52.38
IL,f,1970-1979,30-34,0.00106,0.00526,2.65,96806,510,482831,4605900,47.58
IL,f,1970-1979,35-39,0.00161,0.00804,2.67,96296,775,479678,4123069,42.82
IL,f,1970-1979,40-44,0.00261,0.01297,2.67,95522,1239,474724,3643391,38.14
IL,f,1970-1979,45-49,0.00390,0.01934,2.65,94282,1823,467129,3168667,33.61
IL,f,1970-1979,50-54,0.00578,0.02851,2.64,92459,2636,456081,2701538,29.22
IL,f,1970-1979,55-59,0.00855,0.04191,2.64,89824,3764,440226,2245457,25.00
IL,f,1970-1979,60-64,0.01278,0.06201,2.63,86059,5337,417651,1805231,20.98
IL,f,1970-1979,65-69,0.01939,0.09267,2.63,80723,7480,385875,1387580,17.19
IL,f,1970-1979,70-74,0.03083,0.14366,2.64,73242,10522,341327,1001704,13.68
IL,f,1970-1979,75-79,0.05081,0.22633,2.59,62720,14195,279379,660377,10.53
IL,f,1970-1979,80-84,0.08476,0.35065,2.54,48525,17015,200742,380998,7.85
IL,f,1970-1979,85-89,0.13760,0.50697,2.4,31510,15975,116092,180256,5.72
IL,f,1970-1979,90-94,0.21395,0.67208,2.23,15535,10441,48801,64164,4.13
IL,f,1970-1979,95-99,0.31281,0.80862,2.01,5094,4119,13169,15363,3.02
IL,f,1970-1979,100-104,0.43404,0.90220,1.76,975,880,2027,2194,2.25
IL,f,1970-1979,105-109,0.56414,0.95266,1.52,95,91,161,168,1.76
IL,f,1970-1979,110+,0.66854,1.00000,1.5,5,5,7,7,1.50
IL,f,1980-1989,0,0.01151,0.01139,0.09,100000,1139,98958,7763853,77.64
IL,f,1980-1989,1-4,0.00047,0.00187,1.55,98861,185,394989,7664895,77.53
IL,f,1980-1989,5-9,0.00021,0.00104,2.31,98676,103,493102,7269905,73.67
IL,f,1980-1989,10-14,0.00021,0.00104,2.7,98573,102,492631,6776803,68.75
IL,f,1980-1989,15-19,0.00045,0.00225,2.7,98471,221,491845,6284172,63.82
IL,f,1980-1989,20-24,0.00054,0.00269,2.54,98250,264,490599,5792327,58.96
IL,f,1980-1989,25-29,0.00063,0.00314,2.59,97985,307,489187,5301728,54.11
IL,f,1980-1989,30-34,0.00079,0.00396,2.63,97678,387,487472,4812542,49.27
IL,f,1980-1989,35-39,0.00119,0.00592,2.7,97291,576,485134,4325069,44.45
IL,f,1980-1989,40-44,0.00189,0.00940,2.69,96716,909,481479,3839935,39.70
IL,f,1980-1989,45-49,0.00302,0.01501,2.68,95807,1438,475700,3358456,35.05
IL,f,1980-1989,50-54,0.00499,0.02466,2.66,94369,2327,466409,2882756,30.55
IL,f,1980-1989,55-59,0.00752,0.03695,2.65,92042,3401,452230,2416347,26.25
IL,f,1980-1989,60-64,0.01164,0.05665,2.64,88641,5021,431350,1964116,22.16
IL,f,1980-1989,65-69,0.01723,0.08274,2.62,83620,6919,401597,1532766,18.33
IL,f,1980-1989,70-74,0.02690,0.12644,2.62,76701,9698,360468,1131170,14.75
IL,f,1980-1989,75-79,0.04216,0.19142,2.6,67003,12826,304232,770701,11.50
IL,f,1980-1989,80-84,0.07162,0.30491,2.56,54177,16519,230632,466470,8.61
IL,f,1980-1989,85-89,0.11904,0.45676,2.45,37658,17201,144496,235838,6.26
IL,f,1980-1989,90-94,0.19273,0.63350,2.3,20457,12960,67243,91342,4.46
IL,f,1980-1989,95-99,0.28972,0.78348,2.07,7498,5874,20276,24099,3.21
IL,f,1980-1989,100-104,0.41279,0.89052,1.81,1623,1446,3502,3824,2.36
IL,f,1980-1989,105-109,0.54812,0.94858,1.55,178,169,308,321,1.81
IL,f,1980-1989,110+,0.65794,1.00000,1.52,9,9,14,14,1.52
IL,f,1990-1999,0,0.00890,0.00882,0.08,100000,882,99186,7872662,78.73
IL,f,1990-1999,1-4,0.00037,0.00148,1.57,99118,147,396113,7773475,78.43
IL,f,1990-1999,5-9,0.00017,0.00084,2.41,98970,83,494637,7377362,74.54
IL,f,1990-1999,10-14,0.00018,0.00092,2.8,98887,91,494237,6882725,69.60
IL,f,1990-1999,15-19,0.00045,0.00226,2.62,98797,223,493452,6388488,64.66
IL,f,1990-1999,20-24,0.00048,0.00240,2.51,98573,236,492279,5895036,59.80
IL,f,1990-1999,25-29,0.00060,0.00297,2.57,98337,292,490975,5402757,54.94
IL,f,1990-1999,30-34,0.00079,0.00396,2.64,98045,388,489307,4911782,50.10
IL,f,1990-1999,35-39,0.00118,0.00590,2.64,97657,576,486926,4422475,45.29
IL,f,1990-1999,40-44,0.00175,0.00872,2.64,97081,846,483409,3935549,40.54
IL,f,1990-1999,45-49,0.00267,0.01326,2.7,96235,1276,478233,3452139,35.87
IL,f,1990-1999,50-54,0.00418,0.02072,2.67,94959,1968,470218,2973906,31.32
IL,f,1990-1999,55-59,0.00678,0.03339,2.67,92991,3105,457710,2503689,26.92
IL,f,1990-1999,60-64,0.01070,0.05218,2.66,89886,4691,438456,2045978,22.76
IL,f,1990-1999,65-69,0.01635,0.07870,2.64,85196,6705,410158,1607522,18.87
IL,f,1990-1999,70-74,0.02503,0.11811,2.61,78491,9270,370294,1197364,15.25
IL,f,1990-1999,75-79,0.03861,0.17673,2.61,69220,12234,316834,827070,11.95
IL,f,1990-1999,80-84,0.06698,0.28805,2.57,56987,16415,245089,510236,8.95
IL,f,1990-1999,85-89,0.11101,0.43404,2.49,40572,17610,158639,265147,6.54
IL,f,1990-1999,90-94,0.18184,0.61184,2.33,22962,14049,77260,106508,4.64
IL,f,1990-1999,95-99,0.28227,0.77488,2.09,8913,6906,24468,29247,3.28
IL,f,1990-1999,100-104,0.40749,0.88762,1.82,2006,1781,4371,4780,2.38
IL,f,1990-1999,105-109,0.54629,0.94829,1.56,225,214,391,409,1.81
IL,f,1990-1999,110+,0.65917,1.00000,1.52,12,12,18,18,1.52
IL,f,2000-2009,0,0.00698,0.00694,0.07,100000,694,99357,8005292,80.05
IL,f,2000-2009,1-4,0.00025,0.00098,1.59,99306,98,396990,7905936,79.61
IL,f,2000-2009,5-9,0.00012,0.00060,2.45,99209,59,495892,7508946,75.69
IL,f,2000-2009,10-14,0.00013,0.00064,2.65,99149,63,495598,7013054,70.73
IL,f,2000-2009,15-19,0.00034,0.00169,2.83,99086,167,495068,6517455,65.78
IL,f,2000-2009,20-24,0.00043,0.00215,2.44,98919,212,494052,6022388,60.88
IL,f,2000-2009,25-29,0.00049,0.00243,2.6,98707,240,492956,5528336,56.01
IL,f,2000-2009,30-34,0.00066,0.00327,2.64,98466,322,491570,5035379,51.14
IL,f,2000-2009,35-39,0.00100,0.00497,2.68,98144,488,489587,4543810,46.30
IL,f,2000-2009,40-44,0.00161,0.00803,2.66,97656,784,486442,4054223,41.52
IL,f,2000-2009,45-49,0.00256,0.01270,2.64,96872,1230,481458,3567781,36.83
IL,f,2000-2009,50-54,0.00371,0.01840,2.63,95641,1760,474031,3086323,32.27
IL,f,2000-2009,55-59,0.00570,0.02812,2.68,93881,2640,463281,2612292,27.83
IL,f,2000-2009,60-64,0.00905,0.04433,2.68,91242,4045,446806,2149011,23.55
IL,f,2000-2009,65-69,0.01413,0.06840,2.65,87197,5964,421957,1702206,19.52
IL,f,2000-2009,70-74,0.02245,0.10656,2.63,81233,8656,385638,1280249,15.76
IL,f,2000-2009,75-79,0.03518,0.16227,2.61,72576,11777,334760,894611,12.33
IL,f,2000-2009,80-84,0.06057,0.26440,2.6,60799,16076,265407,559850,9.21
IL,f,2000-2009,85-89,0.10661,0.42156,2.52,44724,18854,176844,294443,6.58
IL,f,2000-2009,90-94,0.18495,0.61948,2.34,25870,16026,86649,117599,4.55
IL,f,2000-2009,95-99,0.29567,0.79260,2.07,9844,7802,26389,30950,3.14
IL,f,2000-2009,100-104,0.43649,0.90574,1.77,2042,1849,4237,4561,2.23
IL,f,2000-2009,105-109,0.58915,0.95999,1.49,192,185,314,324,1.69
IL,f,2000-2009,110+,0.70941,1.00000,1.41,8,8,11,11,1.41
IL,f,2010-2017,0,0.00578,0.00575,0.07,100000,575,99465,8156138,81.56
IL,f,2010-2017,1-4,0.00019,0.00077,1.62,99425,76,397518,8056673,81.03
IL,f,2010-2017,5-9,0.00010,0.00051,2.41,99349,50,496612,7659156,77.09
IL,f,2010-2017,10-14,0.00011,0.00056,2.69,99298,55,496363,7162543,72.13
IL,f,2010-2017,15-19,0.00028,0.00142,2.76,99243,141,495897,6666180,67.17
IL,f,2010-2017,20-24,0.00043,0.00214,2.52,99101,212,494981,6170283,62.26
IL,f,2010-2017,25-29,0.00052,0.00259,2.63,98889,256,493840,5675302,57.39
IL,f,2010-2017,30-34,0.00067,0.00337,2.61,98633,332,492372,5181463,52.53
IL,f,2010-2017,35-39,0.00091,0.00455,2.62,98301,447,490439,4689090,47.70
IL,f,2010-2017,40-44,0.00134,0.00667,2.7,97854,652,487768,4198651,42.91
IL,f,2010-2017,45-49,0.00219,0.01092,2.68,97201,1061,483542,3710883,38.18
IL,f,2010-2017,50-54,0.00351,0.01739,2.65,96140,1672,476779,3227341,33.57
IL,f,2010-2017,55-59,0.00518,0.02559,2.64,94469,2417,466645,2750562,29.12
IL,f,2010-2017,60-64,0.00767,0.03768,2.66,92052,3469,452151,2283917,24.81
IL,f,2010-2017,65-69,0.01200,0.05838,2.66,88583,5172,430812,1831766,20.68
IL,f,2010-2017,70-74,0.01902,0.09103,2.66,83411,7593,399284,1400954,16.80
IL,f,2010-2017,75-79,0.03110,0.14486,2.63,75818,10983,353109,1001670,13.21
IL,f,2010-2017,80-84,0.05183,0.23060,2.61,64835,14951,288436,648561,10.00
IL,f,2010-2017,85-89,0.09069,0.37107,2.55,49884,18510,204099,360125,7.22
IL,f,2010-2017,90-94,0.16310,0.57264,2.4,31374,17966,110150,156026,4.97
IL,f,2010-2017,95-99,0.26662,0.75664,2.14,13408,10145,38050,45876,3.42
IL,f,2010-2017,100-104,0.40361,0.88683,1.84,3263,2894,7170,7826,2.40
IL,f,2010-2017,105-109,0.55784,0.95245,1.54,369,352,630,656,1.78
IL,f,2010-2017,110+,0.68258,1.00000,1.47,18,18,26,26,1.47
