PopName,Sex,Year,Age,mx,qx,ax,lx,dx,Lx,Tx,ex
MS,b,1960-1969,0,0.03967,0.03839,0.16,100000,3839,96768,6770349,67.70
MS,b,1960-1969,1-4,0.00162,0.00646,1.52,96161,622,383105,6673581,69.40
MS,b,1960-1969,5-9,0.00062,0.00310,2.31,95540,296,476902,6290476,65.84
MS,b,1960-1969,10-14,0.00059,0.00293,2.76,95244,279,475593,5813574,61.04
MS,b,1960-1969,15-19,0.00128,0.00638,2.82,94964,606,473504,5337981,56.21
MS,b,1960-1969,20-24,0.00179,0.00892,2.48,94358,842,469665,4864477,51.55
MS,b,1960-1969,25-29,0.00202,0.01007,2.58,93516,942,465296,4394811,47.00
MS,b,1960-1969,30-34,0.00250,0.01242,2.61,92574,1150,460118,3929515,42.45
MS,b,1960-1969,35-39,0.00342,0.01696,2.62,91424,1550,453432,3469397,37.95
MS,b,1960-1969,40-44,0.00488,0.02410,2.62,89874,2166,444215,3015965,33.56
MS,b,1960-1969,45-49,0.00706,0.03473,2.6,87708,3046,431227,2571749,29.32
MS,b,1960-1969,50-54,0.01037,0.05063,2.63,84662,4286,413152,2140523,25.28
MS,b,1960-1969,55-59,0.01469,0.07098,2.64,80376,5705,388406,1727370,21.49
MS,b,1960-1969,60-64,0.02135,0.10163,2.64,74671,7588,355412,1338964,17.93
MS,b,1960-1969,65-69,0.03237,0.14986,2.53,67082,10053,310612,983552,14.66
MS,b,1960-1969,70-74,0.04694,0.21076,2.58,57029,12019,256073,672940,11.80
MS,b,1960-1969,75-79,0.06976,0.29709,2.51,45010,13372,191693,416867,9.26
MS,b,1960-1969,80-84,0.10650,0.41946,2.47,31638,13271,124608,225174,7.12
MS,b,1960-1969,85-89,0.15870,0.55344,2.27,18367,10165,64052,100567,5.48
MS,b,1960-1969,90-94,0.20157,0.64503,2.21,8202,5291,26247,36515,4.45
MS,b,1960-1969,95-99,0.26560,0.74725,2.07,2911,2176,8191,10268,3.53
MS,b,1960-1969,100-104,0.34169,0.83208,1.92,736,612,1792,2077,2.82
MS,b,1960-1969,105-109,0.42748,0.89470,1.75,124,111,259,285,2.30
MS,b,1960-1969,110+,0.49898,1.00000,2,13,13,26,26,2.00
MS,b,1970-1979,0,0.02412,0.02362,0.12,100000,2362,97910,7011891,70.12
MS,b,1970-1979,1-4,0.00104,0.00417,1.57,97638,407,389562,6913981,70.81
MS,b,1970-1979,5-9,0.00051,0.00256,2.3,97231,249,485486,6524419,67.10
MS,b,1970-1979,10-14,0.00051,0.00255,2.74,96983,247,484354,6038933,62.27
MS,b,1970-1979,15-19,0.00124,0.00620,2.75,96735,600,482331,5554579,57.42
MS,b,1970-1979,20-24,0.00166,0.00828,2.54,96136,796,478718,5072248,52.76
MS,b,1970-1979,25-29,0.00187,0.00932,2.55,95340,888,474524,4593531,48.18
MS,b,1970-1979,30-34,0.00211,0.01048,2.68,94451,990,469958,4119007,43.61
MS,b,1970-1979,35-39,0.00299,0.01487,2.65,93461,1390,464036,3649049,39.04
MS,b,1970-1979,40-44,0.00452,0.02237,2.65,92072,2060,455524,3185013,34.59
MS,b,1970-1979,45-49,0.00650,0.03201,2.64,90012,2882,443269,2729489,30.32
MS,b,1970-1979,50-54,0.00964,0.04713,2.63,87130,4106,425920,2286220,26.24
MS,b,1970-1979,55-59,0.01368,0.06624,2.64,83024,5500,402146,1860300,22.41
MS,b,1970-1979,60-64,0.02008,0.09582,2.63,77524,7428,370008,1458154,18.81
MS,b,1970-1979,65-69,0.02783,0.13044,2.6,70096,9144,328503,1088146,15.52
MS,b,1970-1979,70-74,0.04293,0.19455,2.6,60952,11858,276247,759643,12.46
MS,b,1970-1979,75-79,0.06235,0.27035,2.55,49094,13273,212886,483395,9.85
MS,b,1970-1979,80-84,0.09656,0.38856,2.49,35821,13919,144146,270509,7.55
MS,b,1970-1979,85-89,0.14552,0.52363,2.32,21903,11469,78813,126364,5.77
MS,b,1970-1979,90-94,0.19408,0.63160,2.24,10434,6590,33956,47551,4.56
MS,b,1970-1979,95-99,0.26327,0.74517,2.09,3844,2864,10880,13595,3.54
MS,b,1970-1979,100-104,0.34744,0.83833,1.91,980,821,2363,2715,2.77
MS,b,1970-1979,105-109,0.44340,0.90442,1.73,158,143,323,352,2.22
MS,b,1970-1979,110+,0.52405,1.00000,1.91,15,15,29,29,1.91
MS,b,1980-1989,0,0.01444,0.01425,0.09,100000,1425,98701,7265657,72.66
MS,b,1980-1989,1-4,0.00070,0.00280,1.62,98575,276,393641,7166956,72.71
MS,b,1980-1989,5-9,0.00036,0.00179,2.44,98298,176,491041,6773315,68.91
MS,b,1980-1989,10-14,0.00039,0.00197,2.76,98123,193,490180,6282274,64.02
MS,b,1980-1989,15-19,0.00100,0.00501,2.8,97929,490,488569,5792094,59.15
MS,b,1980-1989,20-24,0.00141,0.00703,2.57,97439,685,485529,5303525,54.43
MS,b,1980-1989,25-29,0.00152,0.00755,2.55,96754,730,481981,4817996,49.80
MS,b,1980-1989,30-34,0.00182,0.00907,2.53,96024,871,477970,4336015,45.16
MS,b,1980-1989,35-39,0.00233,0.01157,2.62,95154,1101,473142,3858045,40.55
MS,b,1980-1989,40-44,0.00342,0.01697,2.66,94052,1597,466531,3384903,35.99
MS,b,1980-1989,45-49,0.00513,0.02536,2.64,92456,2345,456744,2918372,31.57
MS,b,1980-1989,50-54,0.00806,0.03956,2.66,90111,3565,442207,2461628,27.32
MS,b,1980-1989,55-59,0.01232,0.05984,2.62,86546,5179,420420,2019421,23.33
MS,b,1980-1989,60-64,0.01824,0.08737,2.61,81367,7109,389822,1599001,19.65
MS,b,1980-1989,65-69,0.02560,0.12059,2.6,74258,8955,349802,1209180,16.28
MS,b,1980-1989,70-74,0.03805,0.17430,2.6,65304,11382,299170,859378,13.16
MS,b,1980-1989,75-79,0.05534,0.24333,2.52,53921,13121,237090,560207,10.39
MS,b,1980-1989,80-84,0.08889,0.36328,2.49,40801,14822,166740,323117,7.92
MS,b,1980-1989,85-89,0.13382,0.49570,2.39,25979,12878,96231,156377,6.02
MS,b,1980-1989,90-94,0.19027,0.62516,2.26,13101,8190,43045,60146,4.59
MS,b,1980-1989,95-99,0.26659,0.75090,2.09,4911,3687,13832,17101,3.48
MS,b,1980-1989,100-104,0.36087,0.85093,1.9,1223,1041,2884,3268,2.67
MS,b,1980-1989,105-109,0.46850,0.91769,1.69,182,167,357,384,2.11
MS,b,1980-1989,110+,0.55914,1.00000,1.79,15,15,27,27,1.79
MS,b,1990-1999,0,0.01152,0.01140,0.08,100000,1140,98951,7320339,73.20
MS,b,1990-1999,1-4,0.00064,0.00255,1.62,98860,252,394840,7221388,73.05
MS,b,1990-1999,5-9,0.00029,0.00145,2.45,98607,143,492673,6826548,69.23
MS,b,1990-1999,10-14,0.00035,0.00177,2.86,98465,174,491951,6333875,64.33
MS,b,1990-1999,15-19,0.00116,0.00577,2.8,98291,568,490204,5841924,59.44
MS,b,1990-1999,20-24,0.00149,0.00743,2.52,97723,726,486815,5351721,54.76
MS,b,1990-1999,25-29,0.00168,0.00835,2.64,96997,810,483074,4864905,50.16
MS,b,1990-1999,30-34,0.00208,0.01037,2.57,96187,997,478516,4381831,45.56
MS,b,1990-1999,35-39,0.00254,0.01264,2.62,95190,1203,473090,3903315,41.01
MS,b,1990-1999,40-44,0.00342,0.01695,2.65,93986,1593,466191,3430225,36.50
MS,b,1990-1999,45-49,0.00504,0.02492,2.66,92393,2303,456583,2964034,32.08
MS,b,1990-1999,50-54,0.00740,0.03636,2.69,90090,3276,442887,2507451,27.83
MS,b,1990-1999,55-59,0.01132,0.05512,2.65,86815,4786,422846,2064565,23.78
MS,b,1990-1999,60-64,0.01699,0.08166,2.62,82029,6699,394203,1641719,20.01
MS,b,1990-1999,65-69,0.02487,0.11736,2.6,75330,8841,355461,1247516,16.56
MS,b,1990-1999,70-74,0.03665,0.16825,2.57,66490,11187,305276,892055,13.42
MS,b,1990-1999,75-79,0.05272,0.23344,2.55,55303,12910,244860,586779,10.61
MS,b,1990-1999,80-84,0.08485,0.35004,2.5,42393,14839,174879,341919,8.07
MS,b,1990-1999,85-89,0.12921,0.48422,2.41,27554,13342,103258,167040,6.06
MS,b,1990-1999,90-94,0.19384,0.63329,2.26,14212,9000,46430,63781,4.49
MS,b,1990-1999,95-99,0.27964,0.76915,2.08,5212,4008,14334,17351,3.33
MS,b,1990-1999,100-104,0.38617,0.87141,1.85,1203,1048,2715,3017,2.51
MS,b,1990-1999,105-109,0.50631,0.93406,1.62,155,144,285,302,1.95
MS,b,1990-1999,110+,0.60658,1.00000,1.65,10,10,17,17,1.65
MS,b,2000-2009,0,0.01075,0.01064,0.08,100000,1064,99019,7399629,74.00
MS,b,2000-2009,1-4,0.00051,0.00205,1.6,98936,203,395257,7300610,73.79
MS,b,2000-2009,5-9,0.00023,0.00113,2.39,98733,111,493376,6905353,69.94
MS,b,2000-2009,10-14,0.00029,0.00144,2.74,98622,142,492789,6411977,65.02
MS,b,2000-2009,15-19,0.00092,0.00458,2.85,98480,451,491430,5919188,60.11
MS,b,2000-2009,20-24,0.00137,0.00682,2.57,98029,669,488516,5427758,55.37
MS,b,2000-2009,25-29,0.00162,0.00808,2.61,97360,786,484918,4939241,50.73
MS,b,2000-2009,30-34,0.00191,0.00952,2.52,96574,919,480590,4454323,46.12
MS,b,2000-2009,35-39,0.00245,0.01217,2.63,95655,1164,475516,3973733,41.54
MS,b,2000-2009,40-44,0.00362,0.01795,2.65,94490,1696,468466,3498217,37.02
MS,b,2000-2009,45-49,0.00520,0.02568,2.63,92794,2383,458330,3029751,32.65
MS,b,2000-2009,50-54,0.00740,0.03637,2.64,90411,3288,444278,2571421,28.44
MS,b,2000-2009,55-59,0.01049,0.05116,2.63,87123,4457,425068,2127143,24.42
MS,b,2000-2009,60-64,0.01540,0.07428,2.63,82665,6141,398768,1702074,20.59
MS,b,2000-2009,65-69,0.02210,0.10491,2.6,76524,8028,363351,1303307,17.03
MS,b,2000-2009,70-74,0.03287,0.15228,2.59,68496,10431,317345,939956,13.72
MS,b,2000-2009,75-79,0.05009,0.22331,2.57,58065,12967,258879,622610,10.72
MS,b,2000-2009,80-84,0.08078,0.33701,2.54,45099,15199,188152,363732,8.07
MS,b,2000-2009,85-89,0.13120,0.49058,2.43,29900,14668,111799,175580,5.87
MS,b,2000-2009,90-94,0.20872,0.66344,2.25,15232,10105,48416,63781,4.19
MS,b,2000-2009,95-99,0.31428,0.81109,2.02,5126,4158,13230,15365,3.00
MS,b,2000-2009,100-104,0.44344,0.90800,1.75,968,879,1983,2135,2.20
MS,b,2000-2009,105-109,0.58236,0.95774,1.5,89,85,147,152,1.71
MS,b,2000-2009,110+,0.69312,1.00000,1.44,4,4,5,5,1.44
MS,b,2010-2017,0,0.00909,0.00901,0.07,100000,901,99165,7483217,74.83
MS,b,2010-2017,1-4,0.00043,0.00172,1.58,99099,170,395984,7384052,74.51
MS,b,2010-2017,5-9,0.00018,0.00091,2.52,98929,90,494420,6988068,70.64
MS,b,2010-2017,10-14,0.00023,0.00113,2.75,98838,112,493942,6493648,65.70
MS,b,2010-2017,15-19,0.00070,0.00350,2.87,98727,345,492899,5999706,60.77
MS,b,2010-2017,20-24,0.00119,0.00592,2.6,98382,583,490510,5506807,55.97
MS,b,2010-2017,25-29,0.00152,0.00760,2.59,97799,743,487207,5016298,51.29
MS,b,2010-2017,30-34,0.00189,0.00939,2.58,97056,912,483077,4529091,46.66
MS,b,2010-2017,35-39,0.00250,0.01240,2.59,96144,1192,477846,4046014,42.08
MS,b,2010-2017,40-44,0.00328,0.01626,2.66,94952,1544,471143,3568168,37.58
MS,b,2010-2017,45-49,0.00501,0.02474,2.62,93408,2311,461544,3097025,33.16
MS,b,2010-2017,50-54,0.00771,0.03786,2.62,91097,3449,447292,2635481,28.93
MS,b,2010-2017,55-59,0.01104,0.05380,2.61,87648,4715,426980,2188188,24.97
MS,b,2010-2017,60-64,0.01508,0.07274,2.59,82933,6032,400120,1761209,21.24
MS,b,2010-2017,65-69,0.02067,0.09846,2.6,76901,7572,366364,1361089,17.70
MS,b,2010-2017,70-74,0.03053,0.14222,2.59,69329,9860,322905,994725,14.35
MS,b,2010-2017,75-79,0.04648,0.20877,2.57,59469,12415,267119,671819,11.30
MS,b,2010-2017,80-84,0.07231,0.30714,2.55,47054,14452,199864,404700,8.60
MS,b,2010-2017,85-89,0.11828,0.45464,2.46,32602,14822,125319,204836,6.28
MS,b,2010-2017,90-94,0.19104,0.62999,2.3,17780,11201,58632,79517,4.47
MS,b,2010-2017,95-99,0.29342,0.78844,2.07,6579,5187,17677,20885,3.17
MS,b,2010-2017,100-104,0.42230,0.89679,1.79,1392,1248,2956,3208,2.31
MS,b,2010-2017,105-109,0.56428,0.95344,1.53,144,137,243,253,1.76
MS,b,2010-2017,110+,0.67903,1.00000,1.47,7,7,10,10,1.47
