PopName,Sex,Year,Age,mx,qx,ax,lx,dx,Lx,Tx,ex
MS,f,1960-1969,0,0.03526,0.03424,0.15,100000,3424,97096,7151584,71.52
MS,f,1960-1969,1-4,0.00149,0.00595,1.5,96576,574,384870,7054489,73.05
MS,f,1960-1969,5-9,0.00054,0.00270,2.26,96002,259,479300,6669618,69.47
MS,f,1960-1969,10-14,0.00041,0.00204,2.65,95743,196,478254,6190318,64.66
MS,f,1960-1969,15-19,0.00082,0.00407,2.83,95547,389,476892,5712064,59.78
MS,f,1960-1969,20-24,0.00106,0.00531,2.53,95159,505,474547,5235172,55.02
MS,f,1960-1969,25-29,0.00135,0.00674,2.66,94653,638,471777,4760625,50.30
MS,f,1960-1969,30-34,0.00192,0.00957,2.68,94016,900,467988,4288848,45.62
MS,f,1960-1969,35-39,0.00265,0.01314,2.6,93116,1224,462639,3820860,41.03
MS,f,1960-1969,40-44,0.00372,0.01842,2.63,91892,1693,455442,3358220,36.55
MS,f,1960-1969,45-49,0.00512,0.02529,2.59,90199,2281,445490,2902778,32.18
MS,f,1960-1969,50-54,0.00728,0.03580,2.63,87918,3147,432117,2457288,27.95
MS,f,1960-1969,55-59,0.01012,0.04941,2.65,84771,4189,414014,2025171,23.89
MS,f,1960-1969,60-64,0.01512,0.07304,2.66,80582,5886,389151,1611158,19.99
MS,f,1960-1969,65-69,0.02373,0.11217,2.56,74697,8378,353060,1222007,16.36
MS,f,1960-1969,70-74,0.03562,0.16417,2.62,66318,10887,305691,868947,13.10
MS,f,1960-1969,75-79,0.05781,0.25328,2.56,55431,14040,242860,563256,10.16
MS,f,1960-1969,80-84,0.09212,0.37488,2.52,41391,15517,168440,320396,7.74
MS,f,1960-1969,85-89,0.14296,0.51690,2.32,25874,13374,93557,151956,5.87
MS,f,1960-1969,90-94,0.18854,0.62060,2.25,12500,7757,41145,58399,4.67
MS,f,1960-1969,95-99,0.25519,0.73361,2.1,4742,3479,13633,17254,3.64
MS,f,1960-1969,100-104,0.33527,0.82684,1.94,1263,1045,3116,3621,2.87
MS,f,1960-1969,105-109,0.42591,0.89430,1.76,219,196,459,505,2.31
MS,f,1960-1969,110+,0.50143,1.00000,1.99,23,23,46,46,1.99
MS,f,1970-1979,0,0.02141,0.02101,0.11,100000,2101,98136,7462438,74.62
MS,f,1970-1979,1-4,0.00094,0.00375,1.55,97899,367,390696,7364303,75.22
MS,f,1970-1979,5-9,0.00044,0.00217,2.19,97531,212,487060,6973607,71.50
MS,f,1970-1979,10-14,0.00034,0.00168,2.72,97319,164,486223,6486547,66.65
MS,f,1970-1979,15-19,0.00066,0.00330,2.71,97155,321,485044,6000325,61.76
MS,f,1970-1979,20-24,0.00084,0.00417,2.45,96835,404,483146,5515281,56.96
MS,f,1970-1979,25-29,0.00097,0.00483,2.55,96431,466,481018,5032135,52.18
MS,f,1970-1979,30-34,0.00136,0.00678,2.72,95966,651,478345,4551117,47.42
MS,f,1970-1979,35-39,0.00207,0.01028,2.66,95315,980,474281,4072772,42.73
MS,f,1970-1979,40-44,0.00315,0.01561,2.69,94335,1473,468273,3598491,38.15
MS,f,1970-1979,45-49,0.00440,0.02176,2.65,92862,2020,459555,3130218,33.71
MS,f,1970-1979,50-54,0.00636,0.03130,2.61,90842,2844,447424,2670663,29.40
MS,f,1970-1979,55-59,0.00872,0.04273,2.63,87998,3760,431063,2223238,25.26
MS,f,1970-1979,60-64,0.01291,0.06267,2.65,84237,5279,408758,1792175,21.28
MS,f,1970-1979,65-69,0.01904,0.09116,2.66,78959,7197,377922,1383416,17.52
MS,f,1970-1979,70-74,0.03129,0.14571,2.64,71761,10456,334166,1005494,14.01
MS,f,1970-1979,75-79,0.04903,0.21940,2.61,61305,13450,274333,671328,10.95
MS,f,1970-1979,80-84,0.08041,0.33597,2.55,47855,16078,199934,396995,8.30
MS,f,1970-1979,85-89,0.12978,0.48396,2.37,31777,15379,118497,197061,6.20
MS,f,1970-1979,90-94,0.18026,0.60484,2.28,16398,9918,55021,78564,4.79
MS,f,1970-1979,95-99,0.25380,0.73302,2.12,6480,4750,18715,23543,3.63
MS,f,1970-1979,100-104,0.34416,0.83635,1.93,1730,1447,4204,4828,2.79
MS,f,1970-1979,105-109,0.44719,0.90702,1.72,283,257,574,624,2.20
MS,f,1970-1979,110+,0.53354,1.00000,1.87,26,26,49,49,1.87
MS,f,1980-1989,0,0.01295,0.01280,0.09,100000,1280,98834,7680783,76.81
MS,f,1980-1989,1-4,0.00061,0.00242,1.63,98720,239,394313,7581949,76.80
MS,f,1980-1989,5-9,0.00030,0.00151,2.36,98481,149,492012,7187636,72.98
MS,f,1980-1989,10-14,0.00026,0.00131,2.64,98332,129,491357,6695624,68.09
MS,f,1980-1989,15-19,0.00058,0.00289,2.69,98204,284,490361,6204267,63.18
MS,f,1980-1989,20-24,0.00071,0.00352,2.62,97920,345,488779,5713906,58.35
MS,f,1980-1989,25-29,0.00083,0.00415,2.62,97575,405,486909,5225127,53.55
MS,f,1980-1989,30-34,0.00111,0.00555,2.62,97170,539,484567,4738218,48.76
MS,f,1980-1989,35-39,0.00153,0.00760,2.63,96630,735,481413,4253652,44.02
MS,f,1980-1989,40-44,0.00225,0.01120,2.61,95896,1074,476910,3772238,39.34
MS,f,1980-1989,45-49,0.00349,0.01731,2.63,94821,1641,470215,3295328,34.75
MS,f,1980-1989,50-54,0.00551,0.02722,2.65,93180,2536,459944,2825113,30.32
MS,f,1980-1989,55-59,0.00826,0.04052,2.62,90644,3673,444496,2365169,26.09
MS,f,1980-1989,60-64,0.01243,0.06038,2.64,86971,5251,422441,1920674,22.08
MS,f,1980-1989,65-69,0.01747,0.08385,2.61,81720,6852,392203,1498233,18.33
MS,f,1980-1989,70-74,0.02730,0.12824,2.64,74867,9601,351714,1106030,14.77
MS,f,1980-1989,75-79,0.04215,0.19119,2.57,65266,12478,296048,754316,11.56
MS,f,1980-1989,80-84,0.07362,0.31175,2.55,52788,16456,223545,458268,8.68
MS,f,1980-1989,85-89,0.11933,0.45656,2.43,36331,16587,139008,234723,6.46
MS,f,1980-1989,90-94,0.17560,0.59591,2.3,19744,11766,67002,95715,4.85
MS,f,1980-1989,95-99,0.25527,0.73628,2.13,7978,5874,23012,28713,3.60
MS,f,1980-1989,100-104,0.35476,0.84668,1.91,2104,1781,5022,5701,2.71
MS,f,1980-1989,105-109,0.46842,0.91815,1.69,323,296,632,679,2.11
MS,f,1980-1989,110+,0.56375,1.00000,1.77,26,26,47,47,1.77
MS,f,1990-1999,0,0.01047,0.01037,0.08,100000,1037,99049,7701102,77.01
MS,f,1990-1999,1-4,0.00061,0.00244,1.61,98963,241,395276,7602054,76.82
MS,f,1990-1999,5-9,0.00024,0.00121,2.44,98722,120,493303,7206778,73.00
MS,f,1990-1999,10-14,0.00024,0.00122,2.73,98602,120,492737,6713475,68.09
MS,f,1990-1999,15-19,0.00068,0.00338,2.63,98482,333,491619,6220738,63.17
MS,f,1990-1999,20-24,0.00075,0.00375,2.63,98148,368,489871,5729119,58.37
MS,f,1990-1999,25-29,0.00097,0.00484,2.68,97780,474,487804,5239248,53.58
MS,f,1990-1999,30-34,0.00128,0.00639,2.59,97307,622,485034,4751444,48.83
MS,f,1990-1999,35-39,0.00169,0.00843,2.66,96685,815,481516,4266410,44.13
MS,f,1990-1999,40-44,0.00233,0.01157,2.62,95870,1109,476714,3784894,39.48
MS,f,1990-1999,45-49,0.00356,0.01765,2.64,94760,1673,469861,3308180,34.91
MS,f,1990-1999,50-54,0.00522,0.02581,2.67,93088,2402,459829,2838319,30.49
MS,f,1990-1999,55-59,0.00800,0.03927,2.65,90685,3561,445050,2378491,26.23
MS,f,1990-1999,60-64,0.01235,0.06000,2.64,87124,5228,423268,1933441,22.19
MS,f,1990-1999,65-69,0.01831,0.08774,2.61,81896,7186,392342,1510173,18.44
MS,f,1990-1999,70-74,0.02702,0.12692,2.62,74711,9482,350984,1117831,14.96
MS,f,1990-1999,75-79,0.04100,0.18653,2.58,65228,12167,296750,766847,11.76
MS,f,1990-1999,80-84,0.07021,0.29962,2.56,53062,15898,226438,470096,8.86
MS,f,1990-1999,85-89,0.11328,0.44012,2.47,37163,16356,144385,243658,6.56
MS,f,1990-1999,90-94,0.17749,0.60087,2.31,20807,12502,70439,99273,4.77
MS,f,1990-1999,95-99,0.26520,0.75125,2.12,8305,6239,23525,28834,3.47
MS,f,1990-1999,100-104,0.37553,0.86431,1.88,2066,1785,4755,5308,2.57
MS,f,1990-1999,105-109,0.50042,0.93221,1.63,280,261,522,554,1.98
MS,f,1990-1999,110+,0.60430,1.00000,1.65,19,19,31,31,1.65
MS,f,2000-2009,0,0.00947,0.00939,0.08,100000,939,99136,7712875,77.13
MS,f,2000-2009,1-4,0.00047,0.00187,1.56,99061,186,395792,7613740,76.86
MS,f,2000-2009,5-9,0.00020,0.00101,2.32,98875,100,494110,7217948,73.00
MS,f,2000-2009,10-14,0.00022,0.00111,2.68,98776,109,493625,6723838,68.07
MS,f,2000-2009,15-19,0.00055,0.00276,2.78,98666,272,492728,6230213,63.14
MS,f,2000-2009,20-24,0.00078,0.00388,2.59,98394,382,491050,5737485,58.31
MS,f,2000-2009,25-29,0.00101,0.00504,2.69,98013,494,488921,5246435,53.53
MS,f,2000-2009,30-34,0.00129,0.00644,2.59,97519,628,486079,4757514,48.79
MS,f,2000-2009,35-39,0.00186,0.00923,2.61,96891,895,482316,4271435,44.09
MS,f,2000-2009,40-44,0.00272,0.01353,2.68,95996,1299,476961,3789119,39.47
MS,f,2000-2009,45-49,0.00388,0.01921,2.6,94697,1819,469113,3312158,34.98
MS,f,2000-2009,50-54,0.00544,0.02684,2.64,92877,2493,458495,2843045,30.61
MS,f,2000-2009,55-59,0.00764,0.03750,2.66,90385,3390,443983,2384550,26.38
MS,f,2000-2009,60-64,0.01172,0.05704,2.63,86995,4962,423200,1940567,22.31
MS,f,2000-2009,65-69,0.01700,0.08169,2.61,82033,6701,394170,1517367,18.50
MS,f,2000-2009,70-74,0.02571,0.12109,2.61,75332,9122,354883,1123197,14.91
MS,f,2000-2009,75-79,0.04134,0.18818,2.62,66210,12459,301356,768314,11.60
MS,f,2000-2009,80-84,0.06898,0.29559,2.58,53751,15888,230311,466958,8.69
MS,f,2000-2009,85-89,0.11813,0.45486,2.47,37863,17222,145796,236646,6.25
MS,f,2000-2009,90-94,0.19479,0.63726,2.29,20640,13153,67525,90851,4.40
MS,f,2000-2009,95-99,0.29988,0.79613,2.05,7487,5961,19877,23326,3.12
MS,f,2000-2009,100-104,0.43160,0.90212,1.77,1526,1377,3190,3449,2.26
MS,f,2000-2009,105-109,0.57434,0.95598,1.51,149,143,249,258,1.73
MS,f,2000-2009,110+,0.68816,1.00000,1.45,7,7,10,10,1.45
MS,f,2010-2017,0,0.00820,0.00814,0.08,100000,814,99248,7773606,77.74
MS,f,2010-2017,1-4,0.00038,0.00153,1.55,99186,152,396373,7674358,77.37
MS,f,2010-2017,5-9,0.00017,0.00087,2.54,99034,86,494959,7277986,73.49
MS,f,2010-2017,10-14,0.00017,0.00083,2.62,98948,82,494545,6783026,68.55
MS,f,2010-2017,15-19,0.00045,0.00222,2.72,98866,220,493828,6288481,63.61
MS,f,2010-2017,20-24,0.00065,0.00322,2.54,98646,318,492447,5794653,58.74
MS,f,2010-2017,25-29,0.00093,0.00464,2.66,98328,457,490574,5302206,53.92
MS,f,2010-2017,30-34,0.00128,0.00639,2.66,97871,626,487891,4811632,49.16
MS,f,2010-2017,35-39,0.00190,0.00948,2.61,97246,922,484023,4323741,44.46
MS,f,2010-2017,40-44,0.00254,0.01265,2.73,96324,1218,478855,3839718,39.86
MS,f,2010-2017,45-49,0.00402,0.01990,2.61,95106,1892,471005,3360863,35.34
MS,f,2010-2017,50-54,0.00601,0.02962,2.65,93214,2761,459583,2889859,31.00
MS,f,2010-2017,55-59,0.00818,0.04012,2.6,90453,3629,443549,2430276,26.87
MS,f,2010-2017,60-64,0.01139,0.05545,2.62,86824,4814,422644,1986727,22.88
MS,f,2010-2017,65-69,0.01606,0.07732,2.62,82010,6341,394938,1564083,19.07
MS,f,2010-2017,70-74,0.02475,0.11687,2.61,75669,8843,357247,1169146,15.45
MS,f,2010-2017,75-79,0.03806,0.17451,2.62,66825,11662,306377,811898,12.15
MS,f,2010-2017,80-84,0.06238,0.27111,2.59,55164,14956,239755,505522,9.16
MS,f,2010-2017,85-89,0.10775,0.42442,2.5,40208,17065,158371,265767,6.61
MS,f,2010-2017,90-94,0.18095,0.60999,2.33,23143,14117,78014,107396,4.64
MS,f,2010-2017,95-99,0.28437,0.77820,2.09,9026,7024,24701,29382,3.26
MS,f,2010-2017,100-104,0.41563,0.89321,1.81,2002,1788,4302,4681,2.34
MS,f,2010-2017,105-109,0.56048,0.95258,1.54,214,204,363,378,1.77
MS,f,2010-2017,110+,0.67722,1.00000,1.48,10,10,15,15,1.48
