PopName,Sex,Year,Age,mx,qx,ax,lx,dx,Lx,Tx,ex
Div4,m,1960-1969,0,0.02465,0.02412,0.11,100000,2412,97856,6819821,68.20
Div4,m,1960-1969,1-4,0.00096,0.00385,1.65,97588,376,389469,6721965,68.88
Div4,m,1960-1969,5-9,0.00049,0.00245,2.38,97212,238,485437,6332496,65.14
Div4,m,1960-1969,10-14,0.00054,0.00271,2.72,96974,263,484272,5847059,60.30
Div4,m,1960-1969,15-19,0.00154,0.00769,2.84,96711,744,481952,5362787,55.45
Div4,m,1960-1969,20-24,0.00193,0.00962,2.45,95968,923,477482,4880834,50.86
Div4,m,1960-1969,25-29,0.00169,0.00840,2.48,95045,799,473208,4403352,46.33
Div4,m,1960-1969,30-34,0.00184,0.00916,2.57,94246,863,469135,3930144,41.70
Div4,m,1960-1969,35-39,0.00253,0.01259,2.68,93383,1176,464181,3461009,37.06
Div4,m,1960-1969,40-44,0.00390,0.01933,2.69,92207,1782,456925,2996828,32.50
Div4,m,1960-1969,45-49,0.00636,0.03135,2.67,90425,2835,445528,2539903,28.09
Div4,m,1960-1969,50-54,0.01054,0.05145,2.67,87590,4506,427468,2094375,23.91
Div4,m,1960-1969,55-59,0.01642,0.07904,2.64,83084,6567,399935,1666907,20.06
Div4,m,1960-1969,60-64,0.02488,0.11742,2.61,76517,8984,361116,1266972,16.56
Div4,m,1960-1969,65-69,0.03700,0.16975,2.57,67532,11464,309818,905856,13.41
Div4,m,1960-1969,70-74,0.05462,0.24090,2.55,56069,13507,247299,596039,10.63
Div4,m,1960-1969,75-79,0.08180,0.33942,2.49,42562,14447,176609,348739,8.19
Div4,m,1960-1969,80-84,0.12615,0.47635,2.43,28115,13393,106162,172131,6.12
Div4,m,1960-1969,85-89,0.19329,0.63228,2.27,14723,9309,48160,65968,4.48
Div4,m,1960-1969,90-94,0.28349,0.77467,2.07,5414,4194,14794,17809,3.29
Div4,m,1960-1969,95-99,0.39224,0.87589,1.84,1220,1068,2724,3015,2.47
Div4,m,1960-1969,100-104,0.51435,0.93700,1.61,151,142,276,291,1.92
Div4,m,1960-1969,105-109,0.63556,0.96795,1.41,10,9,15,15,1.57
Div4,m,1960-1969,110+,0.72842,1.00000,1.37,0,0,0,0,1.37
Div4,m,1970-1979,0,0.01732,0.01705,0.09,100000,1705,98451,6968003,69.68
Div4,m,1970-1979,1-4,0.00077,0.00309,1.68,98295,303,392477,6869552,69.89
Div4,m,1970-1979,5-9,0.00043,0.00216,2.38,97992,211,489405,6477075,66.10
Div4,m,1970-1979,10-14,0.00047,0.00233,2.81,97780,227,488403,5987670,61.24
Div4,m,1970-1979,15-19,0.00157,0.00782,2.88,97553,763,486150,5499267,56.37
Div4,m,1970-1979,20-24,0.00198,0.00985,2.44,96790,954,481511,5013117,51.79
Div4,m,1970-1979,25-29,0.00162,0.00805,2.46,95837,771,477224,4531606,47.28
Div4,m,1970-1979,30-34,0.00167,0.00832,2.54,95066,791,473383,4054383,42.65
Div4,m,1970-1979,35-39,0.00229,0.01139,2.64,94274,1074,468838,3580999,37.98
Div4,m,1970-1979,40-44,0.00350,0.01737,2.69,93200,1619,462270,3112161,33.39
Div4,m,1970-1979,45-49,0.00577,0.02846,2.68,91581,2606,451857,2649892,28.93
Div4,m,1970-1979,50-54,0.00918,0.04493,2.67,88975,3998,435571,2198035,24.70
Div4,m,1970-1979,55-59,0.01460,0.07057,2.66,84977,5997,410867,1762464,20.74
Div4,m,1970-1979,60-64,0.02314,0.10969,2.64,78980,8664,374445,1351596,17.11
Div4,m,1970-1979,65-69,0.03509,0.16174,2.59,70317,11373,324141,977151,13.90
Div4,m,1970-1979,70-74,0.05171,0.22963,2.56,58943,13535,261745,653010,11.08
Div4,m,1970-1979,75-79,0.07805,0.32664,2.5,45408,14832,190025,391265,8.62
Div4,m,1970-1979,80-84,0.11529,0.44497,2.44,30576,13605,118013,201240,6.58
Div4,m,1970-1979,85-89,0.17251,0.58929,2.31,16971,10001,57971,83227,4.90
Div4,m,1970-1979,90-94,0.25320,0.73333,2.13,6970,5111,20187,25256,3.62
Div4,m,1970-1979,95-99,0.35204,0.84440,1.92,1859,1570,4458,5069,2.73
Div4,m,1970-1979,100-104,0.46563,0.91689,1.69,289,265,570,610,2.11
Div4,m,1970-1979,105-109,0.58337,0.95682,1.49,24,23,39,41,1.70
Div4,m,1970-1979,110+,0.67675,1.00000,1.48,1,1,2,2,1.48
Div4,m,1980-1989,0,0.01108,0.01097,0.07,100000,1097,98985,7232226,72.32
Div4,m,1980-1989,1-4,0.00056,0.00226,1.64,98903,223,395085,7133241,72.12
Div4,m,1980-1989,5-9,0.00028,0.00139,2.33,98680,138,493033,6738156,68.28
Div4,m,1980-1989,10-14,0.00035,0.00175,2.85,98542,173,492341,6245124,63.37
Div4,m,1980-1989,15-19,0.00120,0.00599,2.91,98370,589,490620,5752782,58.48
Div4,m,1980-1989,20-24,0.00155,0.00770,2.45,97781,753,486984,5262162,53.82
Div4,m,1980-1989,25-29,0.00141,0.00702,2.5,97028,681,483439,4775178,49.21
Div4,m,1980-1989,30-34,0.00144,0.00718,2.51,96347,691,480010,4291739,44.54
Div4,m,1980-1989,35-39,0.00180,0.00898,2.61,95655,859,476227,3811729,39.85
Div4,m,1980-1989,40-44,0.00260,0.01290,2.68,94796,1223,471140,3335502,35.19
Div4,m,1980-1989,45-49,0.00430,0.02130,2.7,93573,1993,463278,2864362,30.61
Div4,m,1980-1989,50-54,0.00727,0.03575,2.68,91580,3274,450296,2401084,26.22
Div4,m,1980-1989,55-59,0.01201,0.05843,2.67,88306,5159,429531,1950788,22.09
Div4,m,1980-1989,60-64,0.01897,0.09079,2.64,83147,7549,397933,1521257,18.30
Div4,m,1980-1989,65-69,0.02951,0.13782,2.61,75598,10419,353125,1123324,14.86
Div4,m,1980-1989,70-74,0.04578,0.20614,2.59,65179,13436,293487,770199,11.82
Div4,m,1980-1989,75-79,0.06884,0.29418,2.53,51743,15222,221111,476712,9.21
Div4,m,1980-1989,80-84,0.10471,0.41337,2.45,36521,15097,144177,255601,7.00
Div4,m,1980-1989,85-89,0.15931,0.55982,2.35,21424,11994,75286,111424,5.20
Div4,m,1980-1989,90-94,0.23622,0.70948,2.19,9430,6691,28324,36138,3.83
Div4,m,1980-1989,95-99,0.33447,0.82893,1.96,2740,2271,6790,7814,2.85
Div4,m,1980-1989,100-104,0.44850,0.90883,1.73,469,426,950,1024,2.19
Div4,m,1980-1989,105-109,0.56864,0.95326,1.51,43,41,72,75,1.75
Div4,m,1980-1989,110+,0.66471,1.00000,1.5,2,2,3,3,1.50
Div4,m,1990-1999,0,0.00878,0.00871,0.07,100000,871,99189,7387848,73.88
Div4,m,1990-1999,1-4,0.00043,0.00173,1.69,99129,172,396118,7288659,73.53
Div4,m,1990-1999,5-9,0.00022,0.00112,2.31,98957,110,494488,6892541,69.65
Div4,m,1990-1999,10-14,0.00029,0.00145,2.88,98847,143,493930,6398053,64.73
Div4,m,1990-1999,15-19,0.00113,0.00563,2.86,98704,555,492333,5904122,59.82
Div4,m,1990-1999,20-24,0.00140,0.00697,2.48,98149,684,489020,5411789,55.14
Div4,m,1990-1999,25-29,0.00132,0.00658,2.51,97465,642,485727,4922769,50.51
Div4,m,1990-1999,30-34,0.00158,0.00789,2.57,96823,764,482256,4437042,45.83
Div4,m,1990-1999,35-39,0.00193,0.00961,2.6,96059,923,478078,3954787,41.17
Div4,m,1990-1999,40-44,0.00256,0.01275,2.64,95136,1213,472821,3476709,36.54
Div4,m,1990-1999,45-49,0.00381,0.01890,2.66,93923,1775,465469,3003887,31.98
Div4,m,1990-1999,50-54,0.00602,0.02966,2.68,92148,2733,454410,2538418,27.55
Div4,m,1990-1999,55-59,0.00983,0.04806,2.68,89415,4297,437105,2084008,23.31
Div4,m,1990-1999,60-64,0.01598,0.07700,2.65,85118,6554,410200,1646903,19.35
Div4,m,1990-1999,65-69,0.02512,0.11853,2.63,78564,9312,370773,1236703,15.74
Div4,m,1990-1999,70-74,0.03930,0.17947,2.59,69252,12429,316277,865930,12.50
Div4,m,1990-1999,75-79,0.06028,0.26283,2.56,56823,14935,247748,549653,9.67
Div4,m,1990-1999,80-84,0.09800,0.39338,2.49,41888,16478,168143,301905,7.21
Div4,m,1990-1999,85-89,0.15393,0.54761,2.37,25410,13915,90396,133762,5.26
Div4,m,1990-1999,90-94,0.23965,0.71669,2.2,11495,8239,34377,43366,3.77
Div4,m,1990-1999,95-99,0.34623,0.84087,1.94,3257,2739,7910,8989,2.76
Div4,m,1990-1999,100-104,0.47196,0.92086,1.69,518,477,1011,1079,2.08
Div4,m,1990-1999,105-109,0.60207,0.96171,1.46,41,39,66,68,1.65
Div4,m,1990-1999,110+,0.70384,1.00000,1.42,2,2,2,2,1.42
Div4,m,2000-2009,0,0.00725,0.00720,0.06,100000,720,99326,7574235,75.74
Div4,m,2000-2009,1-4,0.00034,0.00135,1.63,99280,134,396802,7474909,75.29
Div4,m,2000-2009,5-9,0.00016,0.00081,2.38,99146,80,495518,7078107,71.39
Div4,m,2000-2009,10-14,0.00022,0.00109,2.88,99066,108,495098,6582589,66.45
Div4,m,2000-2009,15-19,0.00087,0.00435,2.94,98957,430,493900,6087491,61.52
Div4,m,2000-2009,20-24,0.00127,0.00635,2.51,98527,626,491077,5593591,56.77
Div4,m,2000-2009,25-29,0.00125,0.00622,2.52,97902,609,487995,5102514,52.12
Div4,m,2000-2009,30-34,0.00131,0.00654,2.59,97292,636,484928,4614519,47.43
Div4,m,2000-2009,35-39,0.00172,0.00854,2.62,96656,826,481314,4129590,42.72
Div4,m,2000-2009,40-44,0.00252,0.01252,2.66,95831,1200,476340,3648276,38.07
Div4,m,2000-2009,45-49,0.00381,0.01890,2.66,94631,1788,468962,3171937,33.52
Div4,m,2000-2009,50-54,0.00572,0.02821,2.64,92842,2619,458029,2702975,29.11
Div4,m,2000-2009,55-59,0.00834,0.04091,2.64,90224,3691,442423,2244946,24.88
Div4,m,2000-2009,60-64,0.01303,0.06323,2.66,86532,5471,419837,1802523,20.83
Div4,m,2000-2009,65-69,0.02010,0.09594,2.64,81061,7777,386916,1382686,17.06
Div4,m,2000-2009,70-74,0.03163,0.14708,2.62,73284,10779,340818,995770,13.59
Div4,m,2000-2009,75-79,0.05016,0.22372,2.59,62505,13984,278780,654952,10.48
Div4,m,2000-2009,80-84,0.08334,0.34583,2.54,48522,16780,201343,376172,7.75
Div4,m,2000-2009,85-89,0.14113,0.51781,2.43,31741,16436,116458,174829,5.51
Div4,m,2000-2009,90-94,0.23387,0.70989,2.23,15306,10865,46458,58371,3.81
Div4,m,2000-2009,95-99,0.35615,0.85147,1.94,4440,3781,10616,11913,2.68
Div4,m,2000-2009,100-104,0.50067,0.93394,1.64,660,616,1230,1297,1.97
Div4,m,2000-2009,105-109,0.64640,0.97077,1.4,44,42,65,67,1.54
Div4,m,2000-2009,110+,0.75565,1.00000,1.32,1,1,2,2,1.32
Div4,m,2010-2017,0,0.00629,0.00626,0.06,100000,626,99413,7670004,76.70
Div4,m,2010-2017,1-4,0.00029,0.00117,1.66,99374,116,397225,7570591,76.18
Div4,m,2010-2017,5-9,0.00014,0.00069,2.41,99258,69,496112,7173366,72.27
Div4,m,2010-2017,10-14,0.00019,0.00094,2.85,99189,93,495746,6677254,67.32
Div4,m,2010-2017,15-19,0.00072,0.00359,2.94,99096,355,494750,6181508,62.38
Div4,m,2010-2017,20-24,0.00123,0.00613,2.62,98741,605,492264,5686758,57.59
Div4,m,2010-2017,25-29,0.00137,0.00684,2.52,98136,672,489011,5194494,52.93
Div4,m,2010-2017,30-34,0.00151,0.00754,2.55,97464,735,485522,4705483,48.28
Div4,m,2010-2017,35-39,0.00185,0.00919,2.59,96729,889,481506,4219961,43.63
Div4,m,2010-2017,40-44,0.00240,0.01194,2.61,95841,1144,476471,3738455,39.01
Div4,m,2010-2017,45-49,0.00363,0.01801,2.68,94697,1706,469523,3261984,34.45
Div4,m,2010-2017,50-54,0.00576,0.02840,2.65,92991,2641,458759,2792461,30.03
Div4,m,2010-2017,55-59,0.00851,0.04173,2.64,90349,3770,442839,2333702,25.83
Div4,m,2010-2017,60-64,0.01234,0.05995,2.62,86579,5190,420565,1890862,21.84
Div4,m,2010-2017,65-69,0.01771,0.08500,2.64,81389,6918,390591,1470297,18.07
Div4,m,2010-2017,70-74,0.02766,0.12979,2.63,74471,9665,349428,1079706,14.50
Div4,m,2010-2017,75-79,0.04382,0.19826,2.6,64806,12848,293227,730278,11.27
Div4,m,2010-2017,80-84,0.07154,0.30460,2.56,51957,15826,221227,437051,8.41
Div4,m,2010-2017,85-89,0.12285,0.46909,2.48,36131,16949,137957,215825,5.97
Div4,m,2010-2017,90-94,0.21508,0.67902,2.29,19182,13025,60560,77867,4.06
Div4,m,2010-2017,95-99,0.33710,0.83566,1.98,6157,5145,15264,17307,2.81
Div4,m,2010-2017,100-104,0.48654,0.92906,1.67,1012,940,1932,2044,2.02
Div4,m,2010-2017,105-109,0.63982,0.96994,1.41,72,70,109,112,1.56
Div4,m,2010-2017,110+,0.75503,1.00000,1.32,2,2,3,3,1.32
