PopName,Sex,Year,Age,mx,qx,ax,lx,dx,Lx,Tx,ex
NJ,f,1960-1969,0,0.01992,0.01957,0.11,100000,1957,98256,7347488,73.47
NJ,f,1960-1969,1-4,0.00077,0.00308,1.65,98043,302,391461,7249232,73.94
NJ,f,1960-1969,5-9,0.00034,0.00167,2.29,97741,164,488260,6857771,70.16
NJ,f,1960-1969,10-14,0.00027,0.00136,2.61,97577,133,487568,6369511,65.28
NJ,f,1960-1969,15-19,0.00048,0.00238,2.69,97444,232,486686,5881943,60.36
NJ,f,1960-1969,20-24,0.00063,0.00313,2.57,97212,304,485322,5395257,55.50
NJ,f,1960-1969,25-29,0.00083,0.00413,2.68,96908,401,483612,4909935,50.67
NJ,f,1960-1969,30-34,0.00114,0.00570,2.65,96508,550,481248,4426323,45.86
NJ,f,1960-1969,35-39,0.00176,0.00876,2.67,95958,841,477832,3945075,41.11
NJ,f,1960-1969,40-44,0.00263,0.01308,2.64,95118,1244,472655,3467243,36.45
NJ,f,1960-1969,45-49,0.00423,0.02092,2.67,93873,1964,464783,2994588,31.90
NJ,f,1960-1969,50-54,0.00656,0.03232,2.65,91909,2971,452559,2529805,27.53
NJ,f,1960-1969,55-59,0.00980,0.04789,2.66,88938,4259,434705,2077246,23.36
NJ,f,1960-1969,60-64,0.01496,0.07227,2.66,84679,6120,409055,1642541,19.40
NJ,f,1960-1969,65-69,0.02394,0.11326,2.62,78559,8898,371648,1233486,15.70
NJ,f,1960-1969,70-74,0.03921,0.17927,2.61,69662,12488,318510,861838,12.37
NJ,f,1960-1969,75-79,0.06275,0.27193,2.55,57173,15547,247781,543328,9.50
NJ,f,1960-1969,80-84,0.09975,0.39913,2.5,41626,16614,166563,295547,7.10
NJ,f,1960-1969,85-89,0.16079,0.56289,2.34,25012,14079,87561,128984,5.16
NJ,f,1960-1969,90-94,0.23870,0.71173,2.16,10933,7781,32599,41423,3.79
NJ,f,1960-1969,95-99,0.34106,0.83570,1.95,3152,2634,7722,8824,2.80
NJ,f,1960-1969,100-104,0.46155,0.91571,1.71,518,474,1027,1101,2.13
NJ,f,1960-1969,105-109,0.58727,0.95817,1.48,44,42,71,74,1.69
NJ,f,1960-1969,110+,0.68667,1.00000,1.46,2,2,3,3,1.46
NJ,f,1970-1979,0,0.01430,0.01412,0.09,100000,1412,98719,7591681,75.92
NJ,f,1970-1979,1-4,0.00057,0.00228,1.67,98588,225,393827,7492962,76.00
NJ,f,1970-1979,5-9,0.00027,0.00137,2.28,98363,135,491448,7099135,72.17
NJ,f,1970-1979,10-14,0.00025,0.00124,2.67,98228,121,490858,6607687,67.27
NJ,f,1970-1979,15-19,0.00047,0.00233,2.78,98107,229,490025,6116830,62.35
NJ,f,1970-1979,20-24,0.00061,0.00306,2.55,97878,299,488656,5626805,57.49
NJ,f,1970-1979,25-29,0.00066,0.00329,2.61,97579,321,487125,5138148,52.66
NJ,f,1970-1979,30-34,0.00087,0.00437,2.64,97257,425,485285,4651023,47.82
NJ,f,1970-1979,35-39,0.00137,0.00682,2.7,96833,660,482644,4165738,43.02
NJ,f,1970-1979,40-44,0.00226,0.01122,2.69,96172,1079,478371,3683094,38.30
NJ,f,1970-1979,45-49,0.00364,0.01804,2.66,95093,1716,471454,3204724,33.70
NJ,f,1970-1979,50-54,0.00547,0.02702,2.66,93378,2523,460977,2733270,29.27
NJ,f,1970-1979,55-59,0.00825,0.04045,2.65,90855,3675,445625,2272293,25.01
NJ,f,1970-1979,60-64,0.01271,0.06168,2.63,87180,5377,423140,1826668,20.95
NJ,f,1970-1979,65-69,0.01938,0.09265,2.64,81803,7579,391100,1403528,17.16
NJ,f,1970-1979,70-74,0.03129,0.14563,2.62,74223,10809,345409,1012428,13.64
NJ,f,1970-1979,75-79,0.05226,0.23197,2.58,63414,14710,281493,667019,10.52
NJ,f,1970-1979,80-84,0.08463,0.35014,2.54,48704,17053,201494,385526,7.92
NJ,f,1970-1979,85-89,0.13562,0.50142,2.4,31651,15870,117025,184031,5.81
NJ,f,1970-1979,90-94,0.20652,0.65820,2.25,15780,10387,50293,67007,4.25
NJ,f,1970-1979,95-99,0.30344,0.79809,2.03,5394,4305,14186,16714,3.10
NJ,f,1970-1979,100-104,0.41999,0.89390,1.79,1089,973,2318,2528,2.32
NJ,f,1970-1979,105-109,0.54649,0.94754,1.55,116,109,200,210,1.81
NJ,f,1970-1979,110+,0.64905,1.00000,1.54,6,6,9,9,1.54
NJ,f,1980-1989,0,0.00975,0.00966,0.08,100000,966,99111,7775858,77.76
NJ,f,1980-1989,1-4,0.00045,0.00179,1.66,99034,177,395720,7676746,77.52
NJ,f,1980-1989,5-9,0.00021,0.00104,2.27,98857,102,494005,7281026,73.65
NJ,f,1980-1989,10-14,0.00019,0.00094,2.66,98754,93,493556,6787021,68.73
NJ,f,1980-1989,15-19,0.00039,0.00194,2.77,98662,192,492883,6293465,63.79
NJ,f,1980-1989,20-24,0.00049,0.00247,2.61,98470,243,491770,5800582,58.91
NJ,f,1980-1989,25-29,0.00066,0.00328,2.64,98228,322,490377,5308812,54.05
NJ,f,1980-1989,30-34,0.00090,0.00447,2.64,97906,437,488497,4818435,49.22
NJ,f,1980-1989,35-39,0.00116,0.00577,2.58,97468,562,485982,4329938,44.42
NJ,f,1980-1989,40-44,0.00175,0.00870,2.69,96906,843,482583,3843956,39.67
NJ,f,1980-1989,45-49,0.00284,0.01409,2.7,96063,1353,477199,3361373,34.99
NJ,f,1980-1989,50-54,0.00466,0.02306,2.66,94710,2184,468436,2884174,30.45
NJ,f,1980-1989,55-59,0.00733,0.03602,2.65,92526,3333,454799,2415738,26.11
NJ,f,1980-1989,60-64,0.01147,0.05586,2.64,89193,4983,434222,1960939,21.99
NJ,f,1980-1989,65-69,0.01750,0.08403,2.63,84210,7076,404305,1526718,18.13
NJ,f,1980-1989,70-74,0.02780,0.13042,2.63,77134,10060,361808,1122413,14.55
NJ,f,1980-1989,75-79,0.04306,0.19518,2.61,67075,13092,304057,760605,11.34
NJ,f,1980-1989,80-84,0.07421,0.31420,2.56,53983,16961,228572,456549,8.46
NJ,f,1980-1989,85-89,0.12253,0.46672,2.45,37021,17278,141016,227976,6.16
NJ,f,1980-1989,90-94,0.19603,0.63875,2.27,19743,12611,64330,86960,4.40
NJ,f,1980-1989,95-99,0.29431,0.78872,2.06,7132,5625,19113,22630,3.17
NJ,f,1980-1989,100-104,0.41703,0.89295,1.8,1507,1346,3227,3517,2.33
NJ,f,1980-1989,105-109,0.55129,0.94941,1.55,161,153,278,290,1.80
NJ,f,1980-1989,110+,0.66000,1.00000,1.52,8,8,12,12,1.52
NJ,f,1990-1999,0,0.00754,0.00748,0.07,100000,748,99307,7910523,79.11
NJ,f,1990-1999,1-4,0.00032,0.00127,1.59,99252,126,396702,7811216,78.70
NJ,f,1990-1999,5-9,0.00016,0.00080,2.36,99125,79,495418,7414514,74.80
NJ,f,1990-1999,10-14,0.00014,0.00071,2.75,99046,70,495074,6919096,69.86
NJ,f,1990-1999,15-19,0.00033,0.00165,2.7,98976,164,494506,6424022,64.90
NJ,f,1990-1999,20-24,0.00045,0.00224,2.64,98813,221,493542,5929516,60.01
NJ,f,1990-1999,25-29,0.00064,0.00320,2.71,98592,315,492237,5435974,55.14
NJ,f,1990-1999,30-34,0.00098,0.00489,2.66,98276,480,490257,4943737,50.30
NJ,f,1990-1999,35-39,0.00136,0.00680,2.61,97796,665,487392,4453480,45.54
NJ,f,1990-1999,40-44,0.00180,0.00898,2.62,97131,872,483577,3966088,40.83
NJ,f,1990-1999,45-49,0.00252,0.01254,2.66,96259,1207,478467,3482511,36.18
NJ,f,1990-1999,50-54,0.00397,0.01967,2.68,95051,1870,470917,3004044,31.60
NJ,f,1990-1999,55-59,0.00627,0.03091,2.67,93182,2880,459198,2533127,27.18
NJ,f,1990-1999,60-64,0.01005,0.04910,2.64,90302,4434,441060,2073929,22.97
NJ,f,1990-1999,65-69,0.01570,0.07566,2.63,85868,6497,413950,1632869,19.02
NJ,f,1990-1999,70-74,0.02427,0.11479,2.64,79371,9111,375356,1218919,15.36
NJ,f,1990-1999,75-79,0.03853,0.17630,2.6,70260,12387,321517,843563,12.01
NJ,f,1990-1999,80-84,0.06538,0.28227,2.58,57873,16336,249866,522046,9.02
NJ,f,1990-1999,85-89,0.10910,0.42811,2.49,41537,17783,162990,272180,6.55
NJ,f,1990-1999,90-94,0.18393,0.61606,2.32,23755,14634,79566,109190,4.60
NJ,f,1990-1999,95-99,0.28539,0.77912,2.09,9120,7106,24899,29624,3.25
NJ,f,1990-1999,100-104,0.41435,0.89218,1.81,2014,1797,4338,4725,2.35
NJ,f,1990-1999,105-109,0.55662,0.95139,1.54,217,207,371,387,1.78
NJ,f,1990-1999,110+,0.67156,1.00000,1.49,11,11,16,16,1.49
NJ,f,2000-2009,0,0.00545,0.00543,0.07,100000,543,99494,8079440,80.79
NJ,f,2000-2009,1-4,0.00018,0.00073,1.59,99457,73,397655,7979945,80.23
NJ,f,2000-2009,5-9,0.00009,0.00046,2.28,99385,45,496801,7582291,76.29
NJ,f,2000-2009,10-14,0.00011,0.00057,2.63,99339,57,496563,7085490,71.33
NJ,f,2000-2009,15-19,0.00027,0.00136,2.96,99283,135,496136,6588927,66.37
NJ,f,2000-2009,20-24,0.00044,0.00221,2.52,99147,219,495194,6092791,61.45
NJ,f,2000-2009,25-29,0.00048,0.00240,2.57,98928,238,494066,5597597,56.58
NJ,f,2000-2009,30-34,0.00064,0.00321,2.62,98691,317,492701,5103532,51.71
NJ,f,2000-2009,35-39,0.00097,0.00482,2.73,98374,474,490796,4610831,46.87
NJ,f,2000-2009,40-44,0.00153,0.00761,2.67,97901,745,487763,4120035,42.08
NJ,f,2000-2009,45-49,0.00232,0.01155,2.65,97155,1122,483137,3632272,37.39
NJ,f,2000-2009,50-54,0.00338,0.01678,2.66,96033,1612,476391,3149135,32.79
NJ,f,2000-2009,55-59,0.00507,0.02507,2.68,94422,2367,466608,2672743,28.31
NJ,f,2000-2009,60-64,0.00812,0.03983,2.66,92055,3666,451690,2206136,23.97
NJ,f,2000-2009,65-69,0.01279,0.06207,2.66,88388,5486,429092,1754445,19.85
NJ,f,2000-2009,70-74,0.02048,0.09771,2.64,82902,8100,395429,1325353,15.99
NJ,f,2000-2009,75-79,0.03400,0.15729,2.62,74802,11766,346030,929925,12.43
NJ,f,2000-2009,80-84,0.05951,0.26042,2.6,63036,16416,275851,583894,9.26
NJ,f,2000-2009,85-89,0.10649,0.42097,2.51,46620,19626,184303,308043,6.61
NJ,f,2000-2009,90-94,0.18247,0.61439,2.34,26995,16585,90892,123740,4.58
NJ,f,2000-2009,95-99,0.29432,0.79111,2.08,10409,8235,27980,32848,3.16
NJ,f,2000-2009,100-104,0.43542,0.90522,1.77,2174,1968,4520,4868,2.24
NJ,f,2000-2009,105-109,0.58860,0.95990,1.49,206,198,336,348,1.69
NJ,f,2000-2009,110+,0.70931,1.00000,1.41,8,8,12,12,1.41
NJ,f,2010-2017,0,0.00410,0.00408,0.06,100000,408,99618,8250510,82.51
NJ,f,2010-2017,1-4,0.00016,0.00065,1.61,99592,65,398211,8150892,81.84
NJ,f,2010-2017,5-9,0.00009,0.00043,2.46,99527,43,497524,7752681,77.90
NJ,f,2010-2017,10-14,0.00010,0.00048,2.67,99484,48,497305,7255157,72.93
NJ,f,2010-2017,15-19,0.00020,0.00099,3.09,99435,98,496989,6757852,67.96
NJ,f,2010-2017,20-24,0.00044,0.00218,2.67,99337,216,496182,6260863,63.03
NJ,f,2010-2017,25-29,0.00055,0.00273,2.63,99121,270,494964,5764681,58.16
NJ,f,2010-2017,30-34,0.00068,0.00341,2.54,98851,337,493424,5269717,53.31
NJ,f,2010-2017,35-39,0.00084,0.00421,2.64,98514,414,491592,4776293,48.48
NJ,f,2010-2017,40-44,0.00124,0.00619,2.64,98100,608,489068,4284701,43.68
NJ,f,2010-2017,45-49,0.00196,0.00976,2.68,97492,952,485257,3795634,38.93
NJ,f,2010-2017,50-54,0.00307,0.01522,2.65,96540,1470,479247,3310376,34.29
NJ,f,2010-2017,55-59,0.00453,0.02240,2.65,95071,2130,470348,2831129,29.78
NJ,f,2010-2017,60-64,0.00679,0.03342,2.66,92941,3106,457450,2360781,25.40
NJ,f,2010-2017,65-69,0.01052,0.05135,2.66,89835,4613,438367,1903331,21.19
NJ,f,2010-2017,70-74,0.01711,0.08223,2.66,85222,7008,409702,1464964,17.19
NJ,f,2010-2017,75-79,0.02827,0.13256,2.65,78214,10368,366725,1055262,13.49
NJ,f,2010-2017,80-84,0.04925,0.22052,2.63,67846,14962,303764,688537,10.15
NJ,f,2010-2017,85-89,0.08971,0.36834,2.57,52885,19479,217128,384773,7.28
NJ,f,2010-2017,90-94,0.16039,0.56543,2.39,33405,18888,117761,167645,5.02
NJ,f,2010-2017,95-99,0.26495,0.75469,2.15,14517,10956,41351,49883,3.44
NJ,f,2010-2017,100-104,0.40391,0.88729,1.84,3561,3160,7823,8533,2.40
NJ,f,2010-2017,105-109,0.56061,0.95333,1.54,401,383,683,710,1.77
NJ,f,2010-2017,110+,0.68711,1.00000,1.46,19,19,27,27,1.46
