PopName,Sex,Year,Age,mx,qx,ax,lx,dx,Lx,Tx,ex
NV,b,1960-1969,0,0.02680,0.02619,0.12,100000,2619,97704,6840226,68.40
NV,b,1960-1969,1-4,0.00122,0.00488,1.67,97381,475,388419,6742522,69.24
NV,b,1960-1969,5-9,0.00052,0.00259,2.27,96906,251,483845,6354103,65.57
NV,b,1960-1969,10-14,0.00058,0.00290,2.79,96655,280,482655,5870258,60.73
NV,b,1960-1969,15-19,0.00135,0.00675,2.84,96374,650,480464,5387604,55.90
NV,b,1960-1969,20-24,0.00192,0.00953,2.44,95724,913,476284,4907140,51.26
NV,b,1960-1969,25-29,0.00180,0.00898,2.44,94811,851,471878,4430856,46.73
NV,b,1960-1969,30-34,0.00227,0.01131,2.56,93960,1063,467209,3958978,42.13
NV,b,1960-1969,35-39,0.00302,0.01501,2.65,92898,1395,461208,3491769,37.59
NV,b,1960-1969,40-44,0.00472,0.02335,2.62,91503,2137,452423,3030561,33.12
NV,b,1960-1969,45-49,0.00712,0.03503,2.73,89366,3130,439709,2578137,28.85
NV,b,1960-1969,50-54,0.01041,0.05079,2.59,86236,4380,420635,2138428,24.80
NV,b,1960-1969,55-59,0.01592,0.07662,2.57,81856,6272,394065,1717793,20.99
NV,b,1960-1969,60-64,0.02424,0.11453,2.6,75584,8656,357127,1323728,17.51
NV,b,1960-1969,65-69,0.03330,0.15403,2.57,66927,10309,309555,966601,14.44
NV,b,1960-1969,70-74,0.04998,0.22294,2.58,56618,12623,252574,657046,11.60
NV,b,1960-1969,75-79,0.07436,0.31324,2.49,43996,13781,185327,404472,9.19
NV,b,1960-1969,80-84,0.09717,0.39076,2.5,30214,11807,121498,219145,7.25
NV,b,1960-1969,85-89,0.15352,0.54671,2.37,18408,10064,65554,97647,5.30
NV,b,1960-1969,90-94,0.23377,0.70515,2.19,8344,5884,25170,32093,3.85
NV,b,1960-1969,95-99,0.33877,0.83402,1.96,2460,2052,6057,6923,2.81
NV,b,1960-1969,100-104,0.46246,0.91644,1.71,408,374,809,867,2.12
NV,b,1960-1969,105-109,0.59142,0.95927,1.48,34,33,55,57,1.68
NV,b,1960-1969,110+,0.69256,1.00000,1.44,1,1,2,2,1.44
NV,b,1970-1979,0,0.01770,0.01742,0.1,100000,1742,98427,7148951,71.49
NV,b,1970-1979,1-4,0.00079,0.00315,1.53,98258,310,392264,7050524,71.76
NV,b,1970-1979,5-9,0.00042,0.00209,2.21,97948,204,489169,6658259,67.98
NV,b,1970-1979,10-14,0.00042,0.00212,2.88,97744,207,488279,6169090,63.11
NV,b,1970-1979,15-19,0.00160,0.00799,2.87,97537,779,486023,5680811,58.24
NV,b,1970-1979,20-24,0.00171,0.00852,2.47,96757,825,481697,5194788,53.69
NV,b,1970-1979,25-29,0.00165,0.00820,2.54,95933,786,477729,4713091,49.13
NV,b,1970-1979,30-34,0.00178,0.00886,2.61,95147,843,473714,4235362,44.51
NV,b,1970-1979,35-39,0.00257,0.01278,2.58,94303,1206,468599,3761648,39.89
NV,b,1970-1979,40-44,0.00362,0.01796,2.67,93098,1672,461595,3293049,35.37
NV,b,1970-1979,45-49,0.00580,0.02861,2.62,91426,2615,450906,2831454,30.97
NV,b,1970-1979,50-54,0.00852,0.04176,2.67,88810,3709,435407,2380548,26.80
NV,b,1970-1979,55-59,0.01280,0.06208,2.61,85102,5283,412906,1945141,22.86
NV,b,1970-1979,60-64,0.01900,0.09081,2.58,79818,7249,381564,1532234,19.20
NV,b,1970-1979,65-69,0.02694,0.12655,2.62,72570,9184,340956,1150670,15.86
NV,b,1970-1979,70-74,0.04321,0.19549,2.57,63386,12392,286801,809714,12.77
NV,b,1970-1979,75-79,0.06133,0.26667,2.55,50995,13599,221716,522913,10.25
NV,b,1970-1979,80-84,0.08287,0.34373,2.52,37396,12854,155116,301198,8.05
NV,b,1970-1979,85-89,0.13072,0.48860,2.42,24542,11991,91730,146082,5.95
NV,b,1970-1979,90-94,0.20108,0.64826,2.26,12551,8136,40462,54351,4.33
NV,b,1970-1979,95-99,0.29757,0.79198,2.05,4415,3496,11750,13889,3.15
NV,b,1970-1979,100-104,0.41791,0.89332,1.8,918,820,1963,2139,2.33
NV,b,1970-1979,105-109,0.55128,0.94943,1.55,98,93,169,176,1.80
NV,b,1970-1979,110+,0.66042,1.00000,1.51,5,5,8,8,1.51
NV,b,1980-1989,0,0.00971,0.00962,0.08,100000,962,99110,7390904,73.91
NV,b,1980-1989,1-4,0.00058,0.00232,1.63,99038,230,395606,7291794,73.63
NV,b,1980-1989,5-9,0.00024,0.00118,2.42,98808,117,493739,6896188,69.79
NV,b,1980-1989,10-14,0.00031,0.00156,2.68,98691,154,493102,6402449,64.87
NV,b,1980-1989,15-19,0.00107,0.00533,2.85,98538,526,491562,5909347,59.97
NV,b,1980-1989,20-24,0.00151,0.00750,2.53,98012,735,488249,5417784,55.28
NV,b,1980-1989,25-29,0.00141,0.00703,2.45,97277,684,484639,4929536,50.68
NV,b,1980-1989,30-34,0.00160,0.00797,2.62,96593,770,481137,4444896,46.02
NV,b,1980-1989,35-39,0.00202,0.01005,2.57,95823,963,476780,3963760,41.37
NV,b,1980-1989,40-44,0.00275,0.01369,2.61,94860,1298,471205,3486979,36.76
NV,b,1980-1989,45-49,0.00448,0.02217,2.65,93562,2075,462930,3015774,32.23
NV,b,1980-1989,50-54,0.00711,0.03497,2.7,91488,3199,450075,2552845,27.90
NV,b,1980-1989,55-59,0.01111,0.05417,2.68,88288,4783,430362,2102769,23.82
NV,b,1980-1989,60-64,0.01711,0.08219,2.63,83506,6864,401257,1672407,20.03
NV,b,1980-1989,65-69,0.02436,0.11517,2.63,76642,8827,362322,1271150,16.59
NV,b,1980-1989,70-74,0.03841,0.17596,2.62,67816,11933,310629,908828,13.40
NV,b,1980-1989,75-79,0.05635,0.24718,2.52,55883,13813,245139,598200,10.70
NV,b,1980-1989,80-84,0.07759,0.32559,2.53,42070,13697,176547,353061,8.39
NV,b,1980-1989,85-89,0.12267,0.46652,2.43,28372,13236,107901,176514,6.22
NV,b,1980-1989,90-94,0.18953,0.62575,2.29,15136,9471,49975,68614,4.53
NV,b,1980-1989,95-99,0.28226,0.77372,2.08,5665,4383,15528,18639,3.29
NV,b,1980-1989,100-104,0.39953,0.88176,1.83,1282,1130,2829,3111,2.43
NV,b,1980-1989,105-109,0.53165,0.94351,1.58,152,143,269,282,1.86
NV,b,1980-1989,110+,0.64094,1.00000,1.56,9,9,13,13,1.56
NV,b,1990-1999,0,0.00707,0.00702,0.07,100000,702,99346,7518536,75.19
NV,b,1990-1999,1-4,0.00047,0.00189,1.52,99298,187,396728,7419190,74.72
NV,b,1990-1999,5-9,0.00021,0.00106,2.38,99111,105,495280,7022462,70.85
NV,b,1990-1999,10-14,0.00026,0.00128,2.93,99006,127,494768,6527182,65.93
NV,b,1990-1999,15-19,0.00094,0.00469,2.93,98879,464,493437,6032414,61.01
NV,b,1990-1999,20-24,0.00121,0.00603,2.49,98416,593,490591,5538977,56.28
NV,b,1990-1999,25-29,0.00117,0.00582,2.53,97822,569,487709,5048387,51.61
NV,b,1990-1999,30-34,0.00151,0.00755,2.6,97254,734,484509,4560678,46.89
NV,b,1990-1999,35-39,0.00217,0.01079,2.67,96520,1042,480171,4076169,42.23
NV,b,1990-1999,40-44,0.00285,0.01418,2.6,95478,1353,474137,3595998,37.66
NV,b,1990-1999,45-49,0.00402,0.01989,2.65,94124,1872,466227,3121861,33.17
NV,b,1990-1999,50-54,0.00617,0.03040,2.69,92252,2805,454783,2655633,28.79
NV,b,1990-1999,55-59,0.00922,0.04513,2.66,89448,4037,437783,2200850,24.60
NV,b,1990-1999,60-64,0.01544,0.07451,2.64,85411,6364,412043,1763067,20.64
NV,b,1990-1999,65-69,0.02247,0.10665,2.62,79047,8430,375180,1351024,17.09
NV,b,1990-1999,70-74,0.03453,0.15945,2.6,70617,11260,326045,975844,13.82
NV,b,1990-1999,75-79,0.05237,0.23225,2.57,59357,13786,263248,649799,10.95
NV,b,1990-1999,80-84,0.07453,0.31517,2.55,45572,14363,192717,386551,8.48
NV,b,1990-1999,85-89,0.12167,0.46418,2.45,31209,14486,119063,193834,6.21
NV,b,1990-1999,90-94,0.19215,0.63154,2.29,16722,10561,54963,74771,4.47
NV,b,1990-1999,95-99,0.28972,0.78330,2.07,6162,4826,16659,19809,3.21
NV,b,1990-1999,100-104,0.41201,0.89005,1.81,1335,1188,2884,3150,2.36
NV,b,1990-1999,105-109,0.54786,0.94860,1.55,147,139,254,266,1.81
NV,b,1990-1999,110+,0.65905,1.00000,1.52,8,8,11,11,1.52
NV,b,2000-2009,0,0.00618,0.00615,0.07,100000,615,99426,7657141,76.57
NV,b,2000-2009,1-4,0.00032,0.00130,1.56,99385,129,397226,7557716,76.04
NV,b,2000-2009,5-9,0.00012,0.00061,2.33,99256,60,496121,7160490,72.14
NV,b,2000-2009,10-14,0.00020,0.00101,2.89,99196,100,495770,6664368,67.18
NV,b,2000-2009,15-19,0.00075,0.00376,3,99097,373,494735,6168598,62.25
NV,b,2000-2009,20-24,0.00110,0.00550,2.48,98724,543,492252,5673863,57.47
NV,b,2000-2009,25-29,0.00106,0.00527,2.53,98181,517,489627,5181611,52.78
NV,b,2000-2009,30-34,0.00122,0.00609,2.62,97664,595,486902,4691984,48.04
NV,b,2000-2009,35-39,0.00173,0.00861,2.73,97069,836,483449,4205082,43.32
NV,b,2000-2009,40-44,0.00267,0.01325,2.69,96233,1275,478220,3721633,38.67
NV,b,2000-2009,45-49,0.00401,0.01987,2.63,94958,1887,470322,3243413,34.16
NV,b,2000-2009,50-54,0.00582,0.02872,2.64,93071,2673,459059,2773090,29.80
NV,b,2000-2009,55-59,0.00826,0.04053,2.64,90398,3664,443352,2314031,25.60
NV,b,2000-2009,60-64,0.01244,0.06042,2.63,86734,5241,421228,1870679,21.57
NV,b,2000-2009,65-69,0.01858,0.08896,2.63,81494,7250,390273,1449451,17.79
NV,b,2000-2009,70-74,0.02895,0.13543,2.62,74244,10055,347292,1059179,14.27
NV,b,2000-2009,75-79,0.04601,0.20707,2.59,64189,13292,288880,711887,11.09
NV,b,2000-2009,80-84,0.07492,0.31688,2.57,50897,16128,215266,423007,8.31
NV,b,2000-2009,85-89,0.12678,0.47904,2.45,34769,16656,131375,207741,5.97
NV,b,2000-2009,90-94,0.20592,0.65893,2.27,18113,11935,57960,76366,4.22
NV,b,2000-2009,95-99,0.31590,0.81355,2.02,6178,5026,15910,18406,2.98
NV,b,2000-2009,100-104,0.45151,0.91264,1.74,1152,1051,2328,2496,2.17
NV,b,2000-2009,105-109,0.59656,0.96128,1.47,101,97,162,168,1.67
NV,b,2000-2009,110+,0.71087,1.00000,1.41,4,4,5,5,1.41
NV,b,2010-2017,0,0.00548,0.00545,0.06,100000,545,99489,7807489,78.07
NV,b,2010-2017,1-4,0.00027,0.00110,1.55,99455,109,397551,7708000,77.50
NV,b,2010-2017,5-9,0.00013,0.00064,2.46,99345,64,496565,7310449,73.59
NV,b,2010-2017,10-14,0.00016,0.00078,2.96,99282,77,496251,6813884,68.63
NV,b,2010-2017,15-19,0.00055,0.00276,3.03,99204,273,495484,6317633,63.68
NV,b,2010-2017,20-24,0.00097,0.00485,2.56,98931,480,493483,5822149,58.85
NV,b,2010-2017,25-29,0.00104,0.00519,2.57,98451,511,491012,5328666,54.13
NV,b,2010-2017,30-34,0.00124,0.00616,2.59,97940,604,488249,4837654,49.39
NV,b,2010-2017,35-39,0.00156,0.00779,2.58,97337,758,484853,4349405,44.68
NV,b,2010-2017,40-44,0.00225,0.01119,2.68,96579,1081,480385,3864552,40.01
NV,b,2010-2017,45-49,0.00350,0.01734,2.66,95498,1656,473620,3384167,35.44
NV,b,2010-2017,50-54,0.00549,0.02710,2.67,93842,2543,463278,2910546,31.02
NV,b,2010-2017,55-59,0.00802,0.03938,2.63,91298,3595,447986,2447268,26.81
NV,b,2010-2017,60-64,0.01145,0.05573,2.63,87703,4888,426912,1999282,22.80
NV,b,2010-2017,65-69,0.01632,0.07857,2.63,82815,6507,398648,1572370,18.99
NV,b,2010-2017,70-74,0.02441,0.11542,2.64,76309,8808,360768,1173723,15.38
NV,b,2010-2017,75-79,0.03915,0.17897,2.61,67501,12081,308619,812955,12.04
NV,b,2010-2017,80-84,0.06168,0.26885,2.62,55420,14900,241582,504336,9.10
NV,b,2010-2017,85-89,0.10990,0.43126,2.51,40520,17475,159005,262754,6.48
NV,b,2010-2017,90-94,0.18726,0.62378,2.32,23045,14375,76767,103750,4.50
NV,b,2010-2017,95-99,0.29923,0.79671,2.07,8670,6908,23085,26983,3.11
NV,b,2010-2017,100-104,0.44123,0.90831,1.76,1763,1601,3629,3898,2.21
NV,b,2010-2017,105-109,0.59505,0.96138,1.48,162,155,261,270,1.67
NV,b,2010-2017,110+,0.71604,1.00000,1.4,6,6,9,9,1.40
