PopName,Sex,Year,Age,mx,qx,ax,lx,dx,Lx,Tx,ex
NY,b,1960-1969,0,0.02353,0.02305,0.11,100000,2305,97957,6994750,69.95
NY,b,1960-1969,1-4,0.00085,0.00339,1.66,97695,331,390004,6896793,70.60
NY,b,1960-1969,5-9,0.00042,0.00208,2.26,97363,203,486261,6506790,66.83
NY,b,1960-1969,10-14,0.00036,0.00182,2.68,97160,177,485391,6020529,61.96
NY,b,1960-1969,15-19,0.00083,0.00415,2.89,96984,402,484071,5535137,57.07
NY,b,1960-1969,20-24,0.00120,0.00597,2.52,96582,577,481476,5051066,52.30
NY,b,1960-1969,25-29,0.00131,0.00654,2.56,96005,628,478488,4569591,47.60
NY,b,1960-1969,30-34,0.00169,0.00839,2.6,95376,800,474963,4091103,42.89
NY,b,1960-1969,35-39,0.00244,0.01211,2.65,94576,1145,470189,3616140,38.24
NY,b,1960-1969,40-44,0.00376,0.01861,2.65,93431,1739,463065,3145951,33.67
NY,b,1960-1969,45-49,0.00587,0.02894,2.67,91691,2653,452265,2682885,29.26
NY,b,1960-1969,50-54,0.00930,0.04552,2.65,89038,4053,435654,2230621,25.05
NY,b,1960-1969,55-59,0.01416,0.06850,2.63,84986,5822,411159,1794966,21.12
NY,b,1960-1969,60-64,0.02151,0.10227,2.61,79164,8096,376449,1383807,17.48
NY,b,1960-1969,65-69,0.03239,0.15018,2.58,71068,10673,329474,1007359,14.17
NY,b,1960-1969,70-74,0.04941,0.22056,2.57,60395,13320,269596,677885,11.22
NY,b,1960-1969,75-79,0.07440,0.31362,2.5,47074,14764,198431,408289,8.67
NY,b,1960-1969,80-84,0.11709,0.45002,2.43,32311,14540,124184,209858,6.50
NY,b,1960-1969,85-89,0.17701,0.59737,2.28,17770,10615,59968,85674,4.82
NY,b,1960-1969,90-94,0.25605,0.73635,2.12,7155,5269,20576,25706,3.59
NY,b,1960-1969,95-99,0.35316,0.84529,1.92,1886,1595,4515,5130,2.72
NY,b,1960-1969,100-104,0.46660,0.91735,1.69,292,268,574,615,2.11
NY,b,1960-1969,105-109,0.58471,0.95719,1.49,24,23,39,41,1.70
NY,b,1960-1969,110+,0.67872,1.00000,1.47,1,1,2,2,1.47
NY,b,1970-1979,0,0.01654,0.01629,0.09,100000,1629,98524,7208287,72.08
NY,b,1970-1979,1-4,0.00065,0.00261,1.69,98371,257,392892,7109763,72.28
NY,b,1970-1979,5-9,0.00034,0.00170,2.28,98114,167,490117,6716871,68.46
NY,b,1970-1979,10-14,0.00031,0.00157,2.74,97947,153,489390,6226753,63.57
NY,b,1970-1979,15-19,0.00089,0.00446,2.89,97794,436,488051,5737364,58.67
NY,b,1970-1979,20-24,0.00136,0.00679,2.51,97358,661,485143,5249313,53.92
NY,b,1970-1979,25-29,0.00141,0.00701,2.51,96697,678,481795,4764170,49.27
NY,b,1970-1979,30-34,0.00160,0.00799,2.58,96019,767,478238,4282375,44.60
NY,b,1970-1979,35-39,0.00224,0.01114,2.64,95252,1061,473751,3804137,39.94
NY,b,1970-1979,40-44,0.00337,0.01670,2.65,94191,1573,467264,3330386,35.36
NY,b,1970-1979,45-49,0.00530,0.02619,2.64,92618,2426,457361,2863122,30.91
NY,b,1970-1979,50-54,0.00791,0.03880,2.64,90192,3500,442686,2405761,26.67
NY,b,1970-1979,55-59,0.01205,0.05856,2.64,86692,5077,421478,1963074,22.64
NY,b,1970-1979,60-64,0.01844,0.08831,2.61,81615,7207,390881,1541596,18.89
NY,b,1970-1979,65-69,0.02734,0.12827,2.59,74408,9544,349039,1150715,15.46
NY,b,1970-1979,70-74,0.04129,0.18769,2.58,64864,12175,294888,801676,12.36
NY,b,1970-1979,75-79,0.06312,0.27312,2.54,52689,14391,227987,506788,9.62
NY,b,1970-1979,80-84,0.09957,0.39764,2.47,38298,15229,152948,278802,7.28
NY,b,1970-1979,85-89,0.14996,0.53603,2.34,23070,12366,82462,125853,5.46
NY,b,1970-1979,90-94,0.22133,0.68293,2.2,10704,7310,33027,43391,4.05
NY,b,1970-1979,95-99,0.30965,0.80362,2.01,3394,2727,8808,10364,3.05
NY,b,1970-1979,100-104,0.41784,0.89173,1.79,666,594,1422,1556,2.33
NY,b,1970-1979,105-109,0.53582,0.94381,1.57,72,68,127,134,1.85
NY,b,1970-1979,110+,0.63250,1.00000,1.58,4,4,6,6,1.58
NY,b,1980-1989,0,0.01170,0.01157,0.08,100000,1157,98936,7394452,73.94
NY,b,1980-1989,1-4,0.00050,0.00199,1.66,98843,197,394911,7295516,73.81
NY,b,1980-1989,5-9,0.00024,0.00121,2.36,98646,119,492915,6900606,69.95
NY,b,1980-1989,10-14,0.00025,0.00127,2.75,98527,125,492353,6407691,65.04
NY,b,1980-1989,15-19,0.00072,0.00357,2.88,98402,352,491264,5915338,60.11
NY,b,1980-1989,20-24,0.00111,0.00551,2.56,98050,541,488932,5424074,55.32
NY,b,1980-1989,25-29,0.00140,0.00697,2.59,97509,679,485911,4935142,50.61
NY,b,1980-1989,30-34,0.00188,0.00933,2.58,96830,904,481967,4449231,45.95
NY,b,1980-1989,35-39,0.00238,0.01186,2.57,95926,1137,476863,3967265,41.36
NY,b,1980-1989,40-44,0.00312,0.01548,2.61,94789,1467,470435,3490402,36.82
NY,b,1980-1989,45-49,0.00452,0.02235,2.63,93322,2085,461668,3019967,32.36
NY,b,1980-1989,50-54,0.00691,0.03397,2.63,91236,3099,448834,2558299,28.04
NY,b,1980-1989,55-59,0.01035,0.05051,2.64,88137,4451,430165,2109466,23.93
NY,b,1980-1989,60-64,0.01587,0.07649,2.62,83686,6401,403208,1679300,20.07
NY,b,1980-1989,65-69,0.02373,0.11225,2.6,77285,8675,365626,1276092,16.51
NY,b,1980-1989,70-74,0.03588,0.16509,2.59,68609,11327,315699,910466,13.27
NY,b,1980-1989,75-79,0.05310,0.23491,2.55,57283,13456,253401,594768,10.38
NY,b,1980-1989,80-84,0.08874,0.36314,2.5,43827,15915,179343,341367,7.79
NY,b,1980-1989,85-89,0.13644,0.50329,2.39,27911,14048,102957,162024,5.80
NY,b,1980-1989,90-94,0.20629,0.65798,2.25,13864,9122,44219,59067,4.26
NY,b,1980-1989,95-99,0.29999,0.79387,2.04,4742,3764,12548,14849,3.13
NY,b,1980-1989,100-104,0.41367,0.88995,1.8,977,870,2103,2301,2.35
NY,b,1980-1989,105-109,0.53888,0.94524,1.57,108,102,189,198,1.84
NY,b,1980-1989,110+,0.64162,1.00000,1.56,6,6,9,9,1.56
NY,b,1990-1999,0,0.00834,0.00828,0.07,100000,828,99231,7580676,75.81
NY,b,1990-1999,1-4,0.00037,0.00148,1.64,99172,147,396342,7481445,75.44
NY,b,1990-1999,5-9,0.00018,0.00091,2.39,99025,90,494891,7085103,71.55
NY,b,1990-1999,10-14,0.00020,0.00101,2.79,98935,100,494455,6590212,66.61
NY,b,1990-1999,15-19,0.00063,0.00314,2.89,98835,311,493519,6095757,61.68
NY,b,1990-1999,20-24,0.00094,0.00469,2.53,98524,462,491481,5602238,56.86
NY,b,1990-1999,25-29,0.00117,0.00584,2.63,98062,572,488952,5110757,52.12
NY,b,1990-1999,30-34,0.00171,0.00851,2.63,97490,829,485479,4621805,47.41
NY,b,1990-1999,35-39,0.00240,0.01194,2.63,96660,1154,480562,4136326,42.79
NY,b,1990-1999,40-44,0.00321,0.01595,2.58,95506,1523,473836,3655765,38.28
NY,b,1990-1999,45-49,0.00413,0.02046,2.6,93983,1923,465308,3181928,33.86
NY,b,1990-1999,50-54,0.00571,0.02817,2.63,92060,2593,454155,2716620,29.51
NY,b,1990-1999,55-59,0.00864,0.04233,2.66,89467,3787,438468,2262465,25.29
NY,b,1990-1999,60-64,0.01320,0.06402,2.64,85680,5485,415433,1823998,21.29
NY,b,1990-1999,65-69,0.02031,0.09686,2.62,80195,7768,382450,1408565,17.56
NY,b,1990-1999,70-74,0.03056,0.14234,2.6,72427,10310,337360,1026114,14.17
NY,b,1990-1999,75-79,0.04619,0.20768,2.58,62118,12900,279309,688755,11.09
NY,b,1990-1999,80-84,0.07799,0.32680,2.52,49217,16084,206247,409446,8.32
NY,b,1990-1999,85-89,0.12370,0.46967,2.44,33133,15561,125798,203199,6.13
NY,b,1990-1999,90-94,0.19606,0.64013,2.29,17572,11248,57371,77401,4.40
NY,b,1990-1999,95-99,0.29489,0.78932,2.06,6324,4991,16926,20030,3.17
NY,b,1990-1999,100-104,0.41769,0.89343,1.8,1332,1190,2850,3104,2.33
NY,b,1990-1999,105-109,0.55322,0.95008,1.54,142,135,244,254,1.79
NY,b,1990-1999,110+,0.66363,1.00000,1.51,7,7,11,11,1.51
NY,b,2000-2009,0,0.00605,0.00602,0.07,100000,602,99437,7874965,78.75
NY,b,2000-2009,1-4,0.00024,0.00096,1.64,99398,96,397367,7775528,78.23
NY,b,2000-2009,5-9,0.00012,0.00061,2.44,99303,60,496359,7378161,74.30
NY,b,2000-2009,10-14,0.00014,0.00070,2.68,99242,69,496051,6881802,69.34
NY,b,2000-2009,15-19,0.00044,0.00219,2.95,99173,217,495420,6385751,64.39
NY,b,2000-2009,20-24,0.00071,0.00355,2.55,98956,352,493917,5890331,59.52
NY,b,2000-2009,25-29,0.00074,0.00370,2.57,98604,365,492133,5396414,54.73
NY,b,2000-2009,30-34,0.00090,0.00450,2.62,98239,442,490141,4904281,49.92
NY,b,2000-2009,35-39,0.00132,0.00659,2.66,97797,645,487474,4414140,45.14
NY,b,2000-2009,40-44,0.00203,0.01012,2.66,97152,983,483461,3926666,40.42
NY,b,2000-2009,45-49,0.00312,0.01549,2.66,96169,1490,477363,3443205,35.80
NY,b,2000-2009,50-54,0.00463,0.02290,2.64,94679,2168,468285,2965841,31.33
NY,b,2000-2009,55-59,0.00676,0.03327,2.64,92511,3078,455278,2497557,27.00
NY,b,2000-2009,60-64,0.01028,0.05019,2.65,89433,4489,436611,2042279,22.84
NY,b,2000-2009,65-69,0.01567,0.07557,2.65,84944,6419,409619,1605667,18.90
NY,b,2000-2009,70-74,0.02425,0.11466,2.63,78525,9004,371286,1196048,15.23
NY,b,2000-2009,75-79,0.03839,0.17577,2.6,69522,12220,318339,824762,11.86
NY,b,2000-2009,80-84,0.06703,0.28818,2.57,57302,16513,246368,506423,8.84
NY,b,2000-2009,85-89,0.11418,0.44359,2.49,40788,18093,158458,260055,6.38
NY,b,2000-2009,90-94,0.19000,0.62941,2.32,22695,14284,75181,101596,4.48
NY,b,2000-2009,95-99,0.29647,0.79289,2.07,8411,6669,22494,26416,3.14
NY,b,2000-2009,100-104,0.43294,0.90346,1.78,1742,1574,3635,3922,2.25
NY,b,2000-2009,105-109,0.58209,0.95823,1.5,168,161,277,287,1.71
NY,b,2000-2009,110+,0.70093,1.00000,1.43,7,7,10,10,1.43
NY,b,2010-2017,0,0.00479,0.00477,0.06,100000,477,99552,8066167,80.66
NY,b,2010-2017,1-4,0.00019,0.00077,1.64,99523,76,397912,7966615,80.05
NY,b,2010-2017,5-9,0.00010,0.00050,2.44,99447,50,497105,7568704,76.11
NY,b,2010-2017,10-14,0.00012,0.00060,2.78,99397,59,496852,7071598,71.15
NY,b,2010-2017,15-19,0.00033,0.00166,2.99,99338,165,496356,6574746,66.19
NY,b,2010-2017,20-24,0.00068,0.00340,2.61,99173,337,495057,6078389,61.29
NY,b,2010-2017,25-29,0.00077,0.00386,2.55,98835,382,493241,5583332,56.49
NY,b,2010-2017,30-34,0.00092,0.00457,2.59,98454,450,491186,5090091,51.70
NY,b,2010-2017,35-39,0.00115,0.00575,2.6,98004,563,488668,4598905,46.93
NY,b,2010-2017,40-44,0.00163,0.00810,2.67,97441,790,485362,4110236,42.18
NY,b,2010-2017,45-49,0.00256,0.01274,2.68,96651,1231,480400,3624875,37.50
NY,b,2010-2017,50-54,0.00405,0.02004,2.65,95420,1912,472615,3144475,32.95
NY,b,2010-2017,55-59,0.00601,0.02965,2.65,93508,2772,461030,2671860,28.57
NY,b,2010-2017,60-64,0.00883,0.04326,2.64,90736,3926,444419,2210830,24.37
NY,b,2010-2017,65-69,0.01303,0.06321,2.64,86810,5487,421114,1766411,20.35
NY,b,2010-2017,70-74,0.02017,0.09626,2.64,81323,7828,388118,1345297,16.54
NY,b,2010-2017,75-79,0.03205,0.14897,2.64,73495,10949,341592,957179,13.02
NY,b,2010-2017,80-84,0.05367,0.23786,2.61,62546,14877,277175,615588,9.84
NY,b,2010-2017,85-89,0.09399,0.38185,2.55,47669,18202,193664,338412,7.10
NY,b,2010-2017,90-94,0.16695,0.58061,2.38,29467,17109,102482,144748,4.91
NY,b,2010-2017,95-99,0.26679,0.75677,2.14,12358,9352,35054,42267,3.42
NY,b,2010-2017,100-104,0.40336,0.88667,1.84,3006,2665,6607,7213,2.40
NY,b,2010-2017,105-109,0.55785,0.95250,1.54,341,324,582,605,1.78
NY,b,2010-2017,110+,0.68335,1.00000,1.46,16,16,24,24,1.46
