PopName,Sex,Year,Age,mx,qx,ax,lx,dx,Lx,Tx,ex
Div1,f,1960-1969,0,0.01830,0.01800,0.1,100000,1800,98387,7461504,74.62
Div1,f,1960-1969,1-4,0.00068,0.00272,1.62,98200,267,392164,7363117,74.98
Div1,f,1960-1969,5-9,0.00032,0.00159,2.25,97933,156,489236,6970953,71.18
Div1,f,1960-1969,10-14,0.00025,0.00126,2.57,97777,123,488587,6481717,66.29
Div1,f,1960-1969,15-19,0.00041,0.00207,2.65,97654,202,487796,5993130,61.37
Div1,f,1960-1969,20-24,0.00051,0.00256,2.58,97452,250,486657,5505335,56.49
Div1,f,1960-1969,25-29,0.00067,0.00335,2.58,97202,326,485224,5018678,51.63
Div1,f,1960-1969,30-34,0.00095,0.00476,2.6,96877,461,483277,4533454,46.80
Div1,f,1960-1969,35-39,0.00148,0.00738,2.7,96415,712,480441,4050177,42.01
Div1,f,1960-1969,40-44,0.00232,0.01152,2.69,95704,1102,475975,3569736,37.30
Div1,f,1960-1969,45-49,0.00378,0.01873,2.68,94601,1772,468893,3093761,32.70
Div1,f,1960-1969,50-54,0.00585,0.02884,2.65,92830,2678,457857,2624868,28.28
Div1,f,1960-1969,55-59,0.00871,0.04267,2.65,90152,3847,441734,2167011,24.04
Div1,f,1960-1969,60-64,0.01342,0.06508,2.67,86305,5617,418436,1725277,19.99
Div1,f,1960-1969,65-69,0.02176,0.10349,2.64,80689,8351,383708,1306842,16.20
Div1,f,1960-1969,70-74,0.03625,0.16693,2.63,72338,12075,333117,923134,12.76
Div1,f,1960-1969,75-79,0.05861,0.25657,2.57,60262,15461,263802,590016,9.79
Div1,f,1960-1969,80-84,0.09553,0.38607,2.52,44801,17296,181049,326214,7.28
Div1,f,1960-1969,85-89,0.15451,0.54900,2.36,27505,15100,97731,145166,5.28
Div1,f,1960-1969,90-94,0.23489,0.70707,2.19,12404,8771,37340,47435,3.82
Div1,f,1960-1969,95-99,0.34361,0.83863,1.95,3634,3047,8869,10095,2.78
Div1,f,1960-1969,100-104,0.46972,0.91992,1.69,586,539,1148,1226,2.09
Div1,f,1960-1969,105-109,0.60053,0.96141,1.46,47,45,75,78,1.66
Div1,f,1960-1969,110+,0.70295,1.00000,1.42,2,2,3,3,1.42
Div1,f,1970-1979,0,0.01227,0.01213,0.09,100000,1213,98893,7706000,77.06
Div1,f,1970-1979,1-4,0.00049,0.00196,1.64,98787,194,394691,7607108,77.01
Div1,f,1970-1979,5-9,0.00025,0.00127,2.27,98593,125,492624,7212417,73.15
Div1,f,1970-1979,10-14,0.00022,0.00112,2.7,98468,111,492086,6719793,68.24
Div1,f,1970-1979,15-19,0.00045,0.00227,2.68,98357,223,491269,6227707,63.32
Div1,f,1970-1979,20-24,0.00050,0.00249,2.5,98134,244,490061,5736437,58.45
Div1,f,1970-1979,25-29,0.00058,0.00289,2.59,97890,283,488768,5246376,53.59
Div1,f,1970-1979,30-34,0.00077,0.00385,2.71,97607,376,487171,4757609,48.74
Div1,f,1970-1979,35-39,0.00120,0.00597,2.7,97231,581,484817,4270437,43.92
Div1,f,1970-1979,40-44,0.00203,0.01011,2.73,96650,977,481035,3785620,39.17
Div1,f,1970-1979,45-49,0.00339,0.01681,2.68,95674,1609,474629,3304585,34.54
Div1,f,1970-1979,50-54,0.00500,0.02471,2.66,94065,2324,464881,2829956,30.09
Div1,f,1970-1979,55-59,0.00762,0.03744,2.65,91741,3435,450637,2365075,25.78
Div1,f,1970-1979,60-64,0.01169,0.05690,2.64,88306,5025,429672,1914437,21.68
Div1,f,1970-1979,65-69,0.01782,0.08551,2.63,83281,7121,399544,1484765,17.83
Div1,f,1970-1979,70-74,0.02862,0.13407,2.65,76160,10211,356752,1085221,14.25
Div1,f,1970-1979,75-79,0.04749,0.21323,2.61,65949,14062,296100,728469,11.05
Div1,f,1970-1979,80-84,0.07654,0.32239,2.56,51887,16728,218541,432369,8.33
Div1,f,1970-1979,85-89,0.12607,0.47623,2.43,35159,16744,132809,213828,6.08
Div1,f,1970-1979,90-94,0.19659,0.64056,2.28,18415,11796,60004,81019,4.40
Div1,f,1970-1979,95-99,0.29440,0.78849,2.06,6619,5219,17728,21015,3.17
Div1,f,1970-1979,100-104,0.41446,0.89112,1.8,1400,1248,3010,3287,2.35
Div1,f,1970-1979,105-109,0.54590,0.94769,1.56,152,144,265,277,1.82
Div1,f,1970-1979,110+,0.65263,1.00000,1.53,8,8,12,12,1.53
Div1,f,1980-1989,0,0.00822,0.00816,0.08,100000,816,99246,7894459,78.94
Div1,f,1980-1989,1-4,0.00035,0.00139,1.6,99184,138,396408,7795212,78.59
Div1,f,1980-1989,5-9,0.00017,0.00084,2.35,99047,83,495013,7398805,74.70
Div1,f,1980-1989,10-14,0.00017,0.00087,2.65,98964,86,494615,6903791,69.76
Div1,f,1980-1989,15-19,0.00037,0.00182,2.64,98877,180,493960,6409176,64.82
Div1,f,1980-1989,20-24,0.00042,0.00211,2.54,98697,209,492972,5915216,59.93
Div1,f,1980-1989,25-29,0.00048,0.00239,2.57,98488,236,491869,5422244,55.05
Div1,f,1980-1989,30-34,0.00064,0.00318,2.63,98253,312,490525,4930376,50.18
Div1,f,1980-1989,35-39,0.00092,0.00461,2.65,97940,452,488638,4439851,45.33
Div1,f,1980-1989,40-44,0.00152,0.00759,2.68,97489,740,485729,3951213,40.53
Div1,f,1980-1989,45-49,0.00258,0.01280,2.71,96748,1239,480906,3465484,35.82
Div1,f,1980-1989,50-54,0.00428,0.02119,2.67,95509,2024,472834,2984578,31.25
Div1,f,1980-1989,55-59,0.00669,0.03293,2.69,93485,3079,460327,2511743,26.87
Div1,f,1980-1989,60-64,0.01059,0.05166,2.66,90407,4670,441098,2051416,22.69
Div1,f,1980-1989,65-69,0.01641,0.07902,2.65,85737,6775,412766,1610319,18.78
Div1,f,1980-1989,70-74,0.02546,0.12002,2.62,78962,9477,372297,1197552,15.17
Div1,f,1980-1989,75-79,0.04000,0.18260,2.61,69485,12688,317161,825255,11.88
Div1,f,1980-1989,80-84,0.06648,0.28635,2.58,56797,16264,244636,508094,8.95
Div1,f,1980-1989,85-89,0.11251,0.43801,2.47,40533,17754,157800,263458,6.50
Div1,f,1980-1989,90-94,0.18225,0.61111,2.31,22779,13921,76382,105658,4.64
Div1,f,1980-1989,95-99,0.28002,0.77192,2.09,8859,6838,24420,29276,3.30
Div1,f,1980-1989,100-104,0.40359,0.88501,1.83,2020,1788,4430,4856,2.40
Div1,f,1980-1989,105-109,0.54097,0.94664,1.57,232,220,407,426,1.83
Div1,f,1980-1989,110+,0.65305,1.00000,1.53,12,12,19,19,1.53
Div1,f,1990-1999,0,0.00580,0.00577,0.07,100000,577,99463,8024510,80.25
Div1,f,1990-1999,1-4,0.00024,0.00098,1.59,99423,97,397457,7925047,79.71
Div1,f,1990-1999,5-9,0.00011,0.00055,2.41,99326,55,496487,7527590,75.79
Div1,f,1990-1999,10-14,0.00014,0.00068,2.76,99271,67,496203,7031103,70.83
Div1,f,1990-1999,15-19,0.00032,0.00160,2.59,99203,159,495635,6534900,65.87
Div1,f,1990-1999,20-24,0.00034,0.00169,2.58,99045,167,494818,6039265,60.98
Div1,f,1990-1999,25-29,0.00043,0.00216,2.73,98878,213,493903,5544446,56.07
Div1,f,1990-1999,30-34,0.00067,0.00336,2.64,98664,331,492538,5050543,51.19
Div1,f,1990-1999,35-39,0.00095,0.00474,2.64,98333,466,490565,4558005,46.35
Div1,f,1990-1999,40-44,0.00136,0.00680,2.63,97867,665,487762,4067439,41.56
Div1,f,1990-1999,45-49,0.00215,0.01070,2.65,97202,1040,483568,3579677,36.83
Div1,f,1990-1999,50-54,0.00354,0.01755,2.7,96162,1687,476924,3096109,32.20
Div1,f,1990-1999,55-59,0.00583,0.02874,2.68,94475,2715,466079,2619185,27.72
Div1,f,1990-1999,60-64,0.00943,0.04614,2.66,91760,4234,448871,2153107,23.46
Div1,f,1990-1999,65-69,0.01462,0.07068,2.65,87526,6186,423115,1704235,19.47
Div1,f,1990-1999,70-74,0.02295,0.10887,2.64,81340,8855,385776,1281120,15.75
Div1,f,1990-1999,75-79,0.03637,0.16740,2.62,72485,12134,333597,895345,12.35
Div1,f,1990-1999,80-84,0.06094,0.26573,2.59,60351,16037,263161,561747,9.31
Div1,f,1990-1999,85-89,0.10417,0.41341,2.51,44314,18320,175864,298586,6.74
Div1,f,1990-1999,90-94,0.17681,0.60201,2.35,25994,15649,88506,122722,4.72
Div1,f,1990-1999,95-99,0.27891,0.77150,2.1,10345,7981,28617,34216,3.31
Div1,f,1990-1999,100-104,0.40970,0.88968,1.82,2364,2103,5133,5599,2.37
Div1,f,1990-1999,105-109,0.55501,0.95114,1.54,261,248,447,466,1.79
Div1,f,1990-1999,110+,0.67260,1.00000,1.49,13,13,19,19,1.49
Div1,f,2000-2009,0,0.00497,0.00495,0.07,100000,495,99538,8138528,81.39
Div1,f,2000-2009,1-4,0.00017,0.00067,1.62,99505,66,397861,8038990,80.79
Div1,f,2000-2009,5-9,0.00009,0.00046,2.35,99438,46,497070,7641128,76.84
Div1,f,2000-2009,10-14,0.00010,0.00052,2.75,99392,52,496844,7144058,71.88
Div1,f,2000-2009,15-19,0.00025,0.00126,2.71,99340,125,496415,6647215,66.91
Div1,f,2000-2009,20-24,0.00038,0.00190,2.6,99215,189,495622,6150800,61.99
Div1,f,2000-2009,25-29,0.00042,0.00212,2.57,99026,210,494623,5655178,57.11
Div1,f,2000-2009,30-34,0.00055,0.00273,2.67,98817,270,493454,5160555,52.22
Div1,f,2000-2009,35-39,0.00086,0.00431,2.68,98547,424,491751,4667101,47.36
Div1,f,2000-2009,40-44,0.00136,0.00677,2.65,98123,664,489053,4175349,42.55
Div1,f,2000-2009,45-49,0.00207,0.01030,2.66,97458,1004,484940,3686296,37.82
Div1,f,2000-2009,50-54,0.00304,0.01509,2.66,96454,1455,478872,3201356,33.19
Div1,f,2000-2009,55-59,0.00471,0.02328,2.69,94999,2212,469885,2722484,28.66
Div1,f,2000-2009,60-64,0.00775,0.03807,2.69,92787,3533,455778,2252599,24.28
Div1,f,2000-2009,65-69,0.01236,0.06006,2.67,89255,5360,433792,1796822,20.13
Div1,f,2000-2009,70-74,0.02007,0.09584,2.65,83894,8040,400597,1363029,16.25
Div1,f,2000-2009,75-79,0.03288,0.15251,2.63,75854,11569,351808,962433,12.69
Div1,f,2000-2009,80-84,0.05630,0.24826,2.62,64285,15959,283472,610625,9.50
Div1,f,2000-2009,85-89,0.10128,0.40525,2.54,48326,19584,193358,327153,6.77
Div1,f,2000-2009,90-94,0.17828,0.60568,2.35,28742,17408,97647,133794,4.66
Div1,f,2000-2009,95-99,0.29026,0.78677,2.09,11334,8917,30721,36147,3.19
Div1,f,2000-2009,100-104,0.43393,0.90476,1.78,2417,2186,5039,5426,2.25
Div1,f,2000-2009,105-109,0.59046,0.96048,1.49,230,221,374,387,1.68
Div1,f,2000-2009,110+,0.71359,1.00000,1.4,9,9,13,13,1.40
Div1,f,2010-2017,0,0.00424,0.00423,0.06,100000,423,99605,8267914,82.68
Div1,f,2010-2017,1-4,0.00015,0.00059,1.71,99577,59,398175,8168310,82.03
Div1,f,2010-2017,5-9,0.00008,0.00041,2.41,99519,41,497487,7770134,78.08
Div1,f,2010-2017,10-14,0.00009,0.00043,2.72,99478,43,497290,7272647,73.11
Div1,f,2010-2017,15-19,0.00019,0.00096,2.67,99435,95,496951,6775357,68.14
Div1,f,2010-2017,20-24,0.00038,0.00191,2.73,99340,189,496267,6278406,63.20
Div1,f,2010-2017,25-29,0.00054,0.00267,2.6,99150,265,495114,5782139,58.32
Div1,f,2010-2017,30-34,0.00067,0.00336,2.63,98885,332,493639,5287024,53.47
Div1,f,2010-2017,35-39,0.00087,0.00434,2.6,98553,427,491742,4793385,48.64
Div1,f,2010-2017,40-44,0.00126,0.00626,2.65,98126,614,489189,4301644,43.84
Div1,f,2010-2017,45-49,0.00189,0.00940,2.67,97512,917,485420,3812455,39.10
Div1,f,2010-2017,50-54,0.00289,0.01437,2.65,96595,1388,479709,3327036,34.44
Div1,f,2010-2017,55-59,0.00431,0.02135,2.64,95207,2033,471231,2847327,29.91
Div1,f,2010-2017,60-64,0.00628,0.03096,2.68,93174,2884,459170,2376095,25.50
Div1,f,2010-2017,65-69,0.01014,0.04953,2.68,90290,4472,441053,1916926,21.23
Div1,f,2010-2017,70-74,0.01685,0.08108,2.67,85817,6958,412857,1475873,17.20
Div1,f,2010-2017,75-79,0.02852,0.13365,2.66,78859,10540,369613,1063015,13.48
Div1,f,2010-2017,80-84,0.04927,0.22062,2.63,68319,15072,305889,693402,10.15
Div1,f,2010-2017,85-89,0.08875,0.36510,2.57,53247,19440,219058,387513,7.28
Div1,f,2010-2017,90-94,0.16140,0.56852,2.4,33807,19220,119084,168455,4.98
Div1,f,2010-2017,95-99,0.26963,0.76134,2.14,14587,11106,41188,49370,3.38
Div1,f,2010-2017,100-104,0.41247,0.89290,1.82,3481,3108,7536,8182,2.35
Div1,f,2010-2017,105-109,0.57231,0.95645,1.52,373,357,623,646,1.73
Div1,f,2010-2017,110+,0.70009,1.00000,1.43,16,16,23,23,1.43
