PopName,Sex,Year,Age,mx,qx,ax,lx,dx,Lx,Tx,ex
NM,f,1960-1969,0,0.02554,0.02498,0.12,100000,2498,97813,7404071,74.04
NM,f,1960-1969,1-4,0.00125,0.00498,1.52,97502,485,388800,7306259,74.93
NM,f,1960-1969,5-9,0.00040,0.00201,2.19,97016,195,484534,6917458,71.30
NM,f,1960-1969,10-14,0.00035,0.00173,2.65,96822,167,483714,6432924,66.44
NM,f,1960-1969,15-19,0.00071,0.00354,2.71,96654,342,482487,5949210,61.55
NM,f,1960-1969,20-24,0.00096,0.00478,2.61,96312,461,480458,5466723,56.76
NM,f,1960-1969,25-29,0.00111,0.00555,2.5,95851,532,477929,4986266,52.02
NM,f,1960-1969,30-34,0.00126,0.00629,2.6,95320,600,475161,4508337,47.30
NM,f,1960-1969,35-39,0.00190,0.00947,2.64,94720,897,471484,4033176,42.58
NM,f,1960-1969,40-44,0.00285,0.01416,2.67,93823,1329,466023,3561693,37.96
NM,f,1960-1969,45-49,0.00391,0.01938,2.61,92495,1793,458187,3095670,33.47
NM,f,1960-1969,50-54,0.00579,0.02856,2.61,90702,2590,447314,2637483,29.08
NM,f,1960-1969,55-59,0.00823,0.04036,2.67,88112,3556,432290,2190169,24.86
NM,f,1960-1969,60-64,0.01291,0.06265,2.67,84556,5297,410444,1757879,20.79
NM,f,1960-1969,65-69,0.01996,0.09525,2.6,79258,7549,378182,1347435,17.00
NM,f,1960-1969,70-74,0.03368,0.15616,2.68,71709,11198,332508,969253,13.52
NM,f,1960-1969,75-79,0.05192,0.23052,2.57,60510,13949,268643,636744,10.52
NM,f,1960-1969,80-84,0.08695,0.35724,2.51,46562,16634,191308,368101,7.91
NM,f,1960-1969,85-89,0.13407,0.49701,2.4,29928,14875,110950,176793,5.91
NM,f,1960-1969,90-94,0.20043,0.64601,2.25,15053,9725,48519,65843,4.37
NM,f,1960-1969,95-99,0.28785,0.77908,2.06,5329,4152,14423,17323,3.25
NM,f,1960-1969,100-104,0.39397,0.87653,1.83,1177,1032,2619,2901,2.46
NM,f,1960-1969,105-109,0.51119,0.93552,1.61,145,136,266,281,1.94
NM,f,1960-1969,110+,0.60775,1.00000,1.65,9,9,15,15,1.65
NM,f,1970-1979,0,0.01567,0.01545,0.1,100000,1545,98604,7656827,76.57
NM,f,1970-1979,1-4,0.00091,0.00362,1.53,98455,356,392939,7558223,76.77
NM,f,1970-1979,5-9,0.00035,0.00177,2.08,98098,173,489985,7165284,73.04
NM,f,1970-1979,10-14,0.00036,0.00182,2.7,97925,178,489216,6675298,68.17
NM,f,1970-1979,15-19,0.00081,0.00403,2.67,97747,394,487818,6186082,63.29
NM,f,1970-1979,20-24,0.00095,0.00474,2.59,97354,462,485653,5698264,58.53
NM,f,1970-1979,25-29,0.00105,0.00522,2.55,96892,506,483220,5212611,53.80
NM,f,1970-1979,30-34,0.00121,0.00604,2.52,96386,582,480490,4729391,49.07
NM,f,1970-1979,35-39,0.00180,0.00897,2.61,95804,859,476970,4248902,44.35
NM,f,1970-1979,40-44,0.00246,0.01224,2.56,94945,1162,471890,3771932,39.73
NM,f,1970-1979,45-49,0.00365,0.01808,2.67,93783,1696,464969,3300042,35.19
NM,f,1970-1979,50-54,0.00552,0.02727,2.65,92087,2511,454524,2835073,30.79
NM,f,1970-1979,55-59,0.00776,0.03810,2.67,89576,3413,439919,2380549,26.58
NM,f,1970-1979,60-64,0.01088,0.05307,2.66,86163,4572,420107,1940630,22.52
NM,f,1970-1979,65-69,0.01620,0.07806,2.66,81591,6369,393063,1520523,18.64
NM,f,1970-1979,70-74,0.02626,0.12365,2.65,75222,9301,354218,1127460,14.99
NM,f,1970-1979,75-79,0.04224,0.19187,2.62,65921,12649,299461,773242,11.73
NM,f,1970-1979,80-84,0.06968,0.29775,2.56,53272,15862,227646,473781,8.89
NM,f,1970-1979,85-89,0.11268,0.43809,2.46,37411,16389,145452,246135,6.58
NM,f,1970-1979,90-94,0.17644,0.59870,2.32,21021,12585,71331,100682,4.79
NM,f,1970-1979,95-99,0.26443,0.75030,2.12,8436,6329,23936,29351,3.48
NM,f,1970-1979,100-104,0.37533,0.86425,1.88,2106,1821,4850,5415,2.57
NM,f,1970-1979,105-109,0.50100,0.93249,1.63,286,267,532,564,1.97
NM,f,1970-1979,110+,0.60554,1.00000,1.65,19,19,32,32,1.65
NM,f,1980-1989,0,0.00822,0.00816,0.08,100000,816,99246,7900912,79.01
NM,f,1980-1989,1-4,0.00063,0.00252,1.53,99184,250,396118,7801666,78.66
NM,f,1980-1989,5-9,0.00023,0.00116,2.47,98934,114,494379,7405549,74.85
NM,f,1980-1989,10-14,0.00026,0.00130,2.74,98819,128,493807,6911170,69.94
NM,f,1980-1989,15-19,0.00059,0.00293,2.69,98691,289,492790,6417363,65.02
NM,f,1980-1989,20-24,0.00075,0.00376,2.43,98402,370,491058,5924573,60.21
NM,f,1980-1989,25-29,0.00083,0.00413,2.5,98032,405,489148,5433515,55.43
NM,f,1980-1989,30-34,0.00093,0.00464,2.65,97627,453,487073,4944367,50.65
NM,f,1980-1989,35-39,0.00118,0.00590,2.5,97175,573,484440,4457294,45.87
NM,f,1980-1989,40-44,0.00177,0.00882,2.59,96601,852,480955,3972854,41.13
NM,f,1980-1989,45-49,0.00264,0.01314,2.67,95749,1258,475816,3491899,36.47
NM,f,1980-1989,50-54,0.00425,0.02104,2.68,94491,1988,467838,3016083,31.92
NM,f,1980-1989,55-59,0.00639,0.03149,2.67,92503,2913,455738,2548245,27.55
NM,f,1980-1989,60-64,0.01015,0.04957,2.61,89590,4441,437351,2092507,23.36
NM,f,1980-1989,65-69,0.01504,0.07260,2.63,85149,6182,411070,1655156,19.44
NM,f,1980-1989,70-74,0.02328,0.11037,2.65,78967,8715,374388,1244086,15.75
NM,f,1980-1989,75-79,0.03644,0.16764,2.61,70252,11777,323167,869699,12.38
NM,f,1980-1989,80-84,0.06257,0.27180,2.59,58474,15893,253993,546531,9.35
NM,f,1980-1989,85-89,0.10416,0.41289,2.49,42581,17581,168787,292538,6.87
NM,f,1980-1989,90-94,0.16764,0.58003,2.34,25000,14501,86498,123751,4.95
NM,f,1980-1989,95-99,0.25743,0.74136,2.14,10499,7784,30236,37254,3.55
NM,f,1980-1989,100-104,0.37262,0.86290,1.89,2715,2343,6288,7018,2.58
NM,f,1980-1989,105-109,0.50424,0.93417,1.63,372,348,690,730,1.96
NM,f,1980-1989,110+,0.61392,1.00000,1.63,25,25,40,40,1.63
NM,f,1990-1999,0,0.00663,0.00659,0.07,100000,659,99388,7978541,79.79
NM,f,1990-1999,1-4,0.00039,0.00157,1.58,99341,156,396988,7879152,79.31
NM,f,1990-1999,5-9,0.00018,0.00089,2.31,99185,89,495688,7482164,75.44
NM,f,1990-1999,10-14,0.00023,0.00116,2.82,99097,115,495233,6986476,70.50
NM,f,1990-1999,15-19,0.00060,0.00301,2.61,98982,297,494198,6491244,65.58
NM,f,1990-1999,20-24,0.00064,0.00320,2.54,98685,316,492646,5997045,60.77
NM,f,1990-1999,25-29,0.00082,0.00409,2.39,98369,402,490795,5504399,55.96
NM,f,1990-1999,30-34,0.00091,0.00452,2.56,97967,443,488751,5013604,51.18
NM,f,1990-1999,35-39,0.00127,0.00631,2.54,97524,615,486107,4524853,46.40
NM,f,1990-1999,40-44,0.00154,0.00768,2.69,96909,745,482825,4038746,41.68
NM,f,1990-1999,45-49,0.00239,0.01188,2.63,96164,1142,478118,3555921,36.98
NM,f,1990-1999,50-54,0.00366,0.01817,2.66,95022,1726,471076,3077803,32.39
NM,f,1990-1999,55-59,0.00560,0.02765,2.63,93296,2580,460372,2606727,27.94
NM,f,1990-1999,60-64,0.00912,0.04464,2.63,90716,4049,443961,2146355,23.66
NM,f,1990-1999,65-69,0.01410,0.06826,2.65,86666,5916,419447,1702394,19.64
NM,f,1990-1999,70-74,0.02206,0.10484,2.64,80750,8466,383786,1282947,15.89
NM,f,1990-1999,75-79,0.03539,0.16323,2.63,72284,11799,333402,899160,12.44
NM,f,1990-1999,80-84,0.06008,0.26266,2.61,60485,15887,264441,565758,9.35
NM,f,1990-1999,85-89,0.10450,0.41451,2.51,44598,18486,176903,301317,6.76
NM,f,1990-1999,90-94,0.17459,0.59639,2.34,26112,15573,89196,124415,4.76
NM,f,1990-1999,95-99,0.27553,0.76710,2.11,10539,8084,29341,35218,3.34
NM,f,1990-1999,100-104,0.40487,0.88656,1.83,2455,2176,5375,5877,2.39
NM,f,1990-1999,105-109,0.54921,0.94947,1.55,278,264,481,502,1.80
NM,f,1990-1999,110+,0.66650,1.00000,1.5,14,14,21,21,1.50
NM,f,2000-2009,0,0.00546,0.00543,0.07,100000,543,99494,8025298,80.25
NM,f,2000-2009,1-4,0.00032,0.00129,1.5,99457,128,397506,7925804,79.69
NM,f,2000-2009,5-9,0.00015,0.00075,2.55,99328,75,496460,7528298,75.79
NM,f,2000-2009,10-14,0.00018,0.00088,3.03,99254,88,496097,7031838,70.85
NM,f,2000-2009,15-19,0.00048,0.00242,2.84,99166,240,495313,6535742,65.91
NM,f,2000-2009,20-24,0.00070,0.00348,2.46,98926,344,493756,6040429,61.06
NM,f,2000-2009,25-29,0.00078,0.00392,2.66,98582,386,492007,5546672,56.26
NM,f,2000-2009,30-34,0.00099,0.00493,2.58,98196,484,489811,5054666,51.48
NM,f,2000-2009,35-39,0.00148,0.00739,2.64,97712,722,486853,4564855,46.72
NM,f,2000-2009,40-44,0.00195,0.00970,2.6,96990,941,482694,4078002,42.05
NM,f,2000-2009,45-49,0.00274,0.01363,2.61,96049,1310,477121,3595308,37.43
NM,f,2000-2009,50-54,0.00366,0.01815,2.59,94740,1719,469558,3118186,32.91
NM,f,2000-2009,55-59,0.00530,0.02615,2.61,93020,2432,459282,2648629,28.47
NM,f,2000-2009,60-64,0.00791,0.03884,2.64,90588,3518,444624,2189347,24.17
NM,f,2000-2009,65-69,0.01192,0.05798,2.64,87070,5049,423428,1744723,20.04
NM,f,2000-2009,70-74,0.01960,0.09370,2.65,82021,7686,392019,1321295,16.11
NM,f,2000-2009,75-79,0.03377,0.15645,2.65,74336,11630,344403,929275,12.50
NM,f,2000-2009,80-84,0.05835,0.25629,2.63,62706,16071,275427,584872,9.33
NM,f,2000-2009,85-89,0.10549,0.41807,2.52,46635,19497,184818,309445,6.64
NM,f,2000-2009,90-94,0.18197,0.61309,2.34,27138,16638,91432,124627,4.59
NM,f,2000-2009,95-99,0.29356,0.79038,2.08,10500,8299,28271,33195,3.16
NM,f,2000-2009,100-104,0.43571,0.90550,1.77,2201,1993,4574,4924,2.24
NM,f,2000-2009,105-109,0.59008,0.96029,1.49,208,200,339,350,1.68
NM,f,2000-2009,110+,0.71157,1.00000,1.41,8,8,12,12,1.41
NM,f,2010-2017,0,0.00513,0.00510,0.07,100000,510,99524,8086558,80.87
NM,f,2010-2017,1-4,0.00034,0.00136,1.62,99490,136,397636,7987034,80.28
NM,f,2010-2017,5-9,0.00011,0.00056,2.5,99354,56,496631,7589398,76.39
NM,f,2010-2017,10-14,0.00015,0.00075,2.74,99298,74,496323,7092767,71.43
NM,f,2010-2017,15-19,0.00041,0.00204,2.89,99224,202,495694,6596444,66.48
NM,f,2010-2017,20-24,0.00070,0.00351,2.6,99022,348,494275,6100750,61.61
NM,f,2010-2017,25-29,0.00090,0.00451,2.66,98674,445,492332,5606474,56.82
NM,f,2010-2017,30-34,0.00129,0.00641,2.62,98229,630,489647,5114143,52.06
NM,f,2010-2017,35-39,0.00157,0.00782,2.63,97600,764,486188,4624496,47.38
NM,f,2010-2017,40-44,0.00216,0.01075,2.62,96836,1041,481704,4138308,42.74
NM,f,2010-2017,45-49,0.00305,0.01514,2.67,95796,1450,475597,3656604,38.17
NM,f,2010-2017,50-54,0.00425,0.02103,2.63,94346,1984,467017,3181008,33.72
NM,f,2010-2017,55-59,0.00548,0.02704,2.62,92362,2497,455874,2713991,29.38
NM,f,2010-2017,60-64,0.00743,0.03654,2.68,89865,3284,441696,2258117,25.13
NM,f,2010-2017,65-69,0.01108,0.05400,2.63,86581,4676,421813,1816422,20.98
NM,f,2010-2017,70-74,0.01728,0.08303,2.66,81906,6800,393603,1394609,17.03
NM,f,2010-2017,75-79,0.02862,0.13412,2.66,75105,10073,351907,1001005,13.33
NM,f,2010-2017,80-84,0.05006,0.22402,2.66,65032,14569,291039,649098,9.98
NM,f,2010-2017,85-89,0.09339,0.38021,2.56,50463,19187,205447,358060,7.10
NM,f,2010-2017,90-94,0.16630,0.57949,2.38,31277,18124,108987,152613,4.88
NM,f,2010-2017,95-99,0.27640,0.77016,2.13,13152,10129,36648,43626,3.32
NM,f,2010-2017,100-104,0.42076,0.89779,1.81,3023,2714,6450,6978,2.31
NM,f,2010-2017,105-109,0.58076,0.95847,1.51,309,296,510,528,1.71
NM,f,2010-2017,110+,0.70771,1.00000,1.41,13,13,18,18,1.41
