PopName,Sex,Year,Age,mx,qx,ax,lx,dx,Lx,Tx,ex
OR,f,1960-1969,0,0.01801,0.01773,0.1,100000,1773,98411,7562162,75.62
OR,f,1960-1969,1-4,0.00087,0.00345,1.62,98227,339,392103,7463752,75.98
OR,f,1960-1969,5-9,0.00035,0.00176,2.26,97888,172,488968,7071648,72.24
OR,f,1960-1969,10-14,0.00031,0.00156,2.62,97716,153,488215,6582680,67.37
OR,f,1960-1969,15-19,0.00060,0.00298,2.73,97563,291,487153,6094465,62.47
OR,f,1960-1969,20-24,0.00067,0.00334,2.44,97272,325,485530,5607311,57.65
OR,f,1960-1969,25-29,0.00077,0.00387,2.59,96947,375,483835,5121781,52.83
OR,f,1960-1969,30-34,0.00098,0.00487,2.55,96573,470,481712,4637946,48.03
OR,f,1960-1969,35-39,0.00141,0.00701,2.66,96103,674,478935,4156235,43.25
OR,f,1960-1969,40-44,0.00233,0.01157,2.74,95429,1104,474646,3677299,38.53
OR,f,1960-1969,45-49,0.00357,0.01770,2.65,94325,1669,467705,3202653,33.95
OR,f,1960-1969,50-54,0.00543,0.02682,2.68,92656,2485,457521,2734948,29.52
OR,f,1960-1969,55-59,0.00772,0.03791,2.68,90171,3418,442916,2277427,25.26
OR,f,1960-1969,60-64,0.01148,0.05588,2.61,86752,4848,422172,1834511,21.15
OR,f,1960-1969,65-69,0.01808,0.08673,2.67,81904,7104,392980,1412340,17.24
OR,f,1960-1969,70-74,0.03008,0.14063,2.69,74801,10519,349713,1019360,13.63
OR,f,1960-1969,75-79,0.05124,0.22811,2.6,64282,14663,286168,669647,10.42
OR,f,1960-1969,80-84,0.08507,0.35252,2.57,49619,17491,205618,383478,7.73
OR,f,1960-1969,85-89,0.14308,0.52205,2.41,32127,16772,117217,177860,5.54
OR,f,1960-1969,90-94,0.22469,0.69153,2.22,15355,10619,47259,60643,3.95
OR,f,1960-1969,95-99,0.33636,0.83298,1.97,4737,3946,11730,13385,2.83
OR,f,1960-1969,100-104,0.46937,0.92044,1.7,791,728,1551,1654,2.09
OR,f,1960-1969,105-109,0.60774,0.96330,1.45,63,61,100,103,1.64
OR,f,1960-1969,110+,0.71532,1.00000,1.4,2,2,3,3,1.40
OR,f,1970-1979,0,0.01263,0.01249,0.09,100000,1249,98862,7746509,77.47
OR,f,1970-1979,1-4,0.00072,0.00287,1.63,98751,283,394334,7647648,77.44
OR,f,1970-1979,5-9,0.00030,0.00151,2.28,98468,148,491936,7253314,73.66
OR,f,1970-1979,10-14,0.00027,0.00134,2.78,98319,132,491305,6761378,68.77
OR,f,1970-1979,15-19,0.00059,0.00295,2.61,98188,290,490247,6270073,63.86
OR,f,1970-1979,20-24,0.00070,0.00352,2.45,97898,344,488614,5779826,59.04
OR,f,1970-1979,25-29,0.00070,0.00351,2.62,97554,342,486956,5291212,54.24
OR,f,1970-1979,30-34,0.00082,0.00410,2.62,97212,398,485110,4804257,49.42
OR,f,1970-1979,35-39,0.00124,0.00620,2.67,96813,600,482671,4319147,44.61
OR,f,1970-1979,40-44,0.00190,0.00948,2.69,96213,912,478958,3836476,39.87
OR,f,1970-1979,45-49,0.00312,0.01551,2.67,95301,1478,473066,3357518,35.23
OR,f,1970-1979,50-54,0.00499,0.02464,2.66,93823,2312,463705,2884452,30.74
OR,f,1970-1979,55-59,0.00740,0.03636,2.67,91511,3327,449787,2420747,26.45
OR,f,1970-1979,60-64,0.01126,0.05483,2.63,88183,4835,429436,1970960,22.35
OR,f,1970-1979,65-69,0.01637,0.07878,2.63,83349,6566,401156,1541523,18.49
OR,f,1970-1979,70-74,0.02593,0.12221,2.64,76783,9383,361804,1140367,14.85
OR,f,1970-1979,75-79,0.04217,0.19169,2.63,67400,12919,306359,778563,11.55
OR,f,1970-1979,80-84,0.06916,0.29647,2.59,54480,16152,233527,472204,8.67
OR,f,1970-1979,85-89,0.11997,0.46057,2.48,38328,17653,147147,238678,6.23
OR,f,1970-1979,90-94,0.19336,0.63485,2.3,20675,13126,67883,91531,4.43
OR,f,1970-1979,95-99,0.29808,0.79395,2.06,7550,5994,20109,23648,3.13
OR,f,1970-1979,100-104,0.42838,0.90023,1.78,1556,1400,3269,3539,2.28
OR,f,1970-1979,105-109,0.56995,0.95483,1.52,155,148,260,270,1.74
OR,f,1970-1979,110+,0.68320,1.00000,1.46,7,7,10,10,1.46
OR,f,1980-1989,0,0.00894,0.00886,0.08,100000,886,99183,7909942,79.10
OR,f,1980-1989,1-4,0.00051,0.00202,1.5,99114,200,395955,7810759,78.81
OR,f,1980-1989,5-9,0.00019,0.00093,2.46,98914,92,494335,7414805,74.96
OR,f,1980-1989,10-14,0.00019,0.00097,2.85,98822,96,493903,6920470,70.03
OR,f,1980-1989,15-19,0.00055,0.00277,2.68,98726,274,492994,6426567,65.10
OR,f,1980-1989,20-24,0.00055,0.00274,2.48,98452,269,491583,5933573,60.27
OR,f,1980-1989,25-29,0.00060,0.00298,2.57,98183,293,490204,5441990,55.43
OR,f,1980-1989,30-34,0.00068,0.00340,2.66,97890,333,488673,4951786,50.59
OR,f,1980-1989,35-39,0.00096,0.00478,2.62,97557,466,486675,4463113,45.75
OR,f,1980-1989,40-44,0.00152,0.00757,2.76,97091,735,483808,3976438,40.96
OR,f,1980-1989,45-49,0.00261,0.01298,2.72,96356,1250,478926,3492630,36.25
OR,f,1980-1989,50-54,0.00418,0.02068,2.7,95106,1967,471000,3013704,31.69
OR,f,1980-1989,55-59,0.00682,0.03356,2.68,93139,3126,458440,2542703,27.30
OR,f,1980-1989,60-64,0.01026,0.05007,2.64,90013,4507,439419,2084263,23.16
OR,f,1980-1989,65-69,0.01537,0.07417,2.63,85506,6342,412518,1644844,19.24
OR,f,1980-1989,70-74,0.02426,0.11472,2.63,79164,9082,374275,1232326,15.57
OR,f,1980-1989,75-79,0.03799,0.17411,2.61,70083,12202,321212,858051,12.24
OR,f,1980-1989,80-84,0.06194,0.26937,2.58,57880,15591,251734,536838,9.27
OR,f,1980-1989,85-89,0.10518,0.41661,2.51,42289,17618,167501,285105,6.74
OR,f,1980-1989,90-94,0.17497,0.59693,2.34,24671,14727,84168,117604,4.77
OR,f,1980-1989,95-99,0.27379,0.76450,2.11,9944,7602,27766,33437,3.36
OR,f,1980-1989,100-104,0.40007,0.88318,1.84,2342,2068,5170,5670,2.42
OR,f,1980-1989,105-109,0.54142,0.94704,1.57,274,259,479,501,1.83
OR,f,1980-1989,110+,0.65683,1.00000,1.52,14,14,22,22,1.52
OR,f,1990-1999,0,0.00593,0.00590,0.07,100000,590,99451,7980163,79.80
OR,f,1990-1999,1-4,0.00030,0.00122,1.71,99410,121,397364,7880712,79.27
OR,f,1990-1999,5-9,0.00018,0.00088,2.4,99289,88,496218,7483348,75.37
OR,f,1990-1999,10-14,0.00020,0.00099,2.8,99201,98,495790,6987131,70.43
OR,f,1990-1999,15-19,0.00041,0.00206,2.69,99103,204,495042,6491341,65.50
OR,f,1990-1999,20-24,0.00048,0.00240,2.49,98899,237,493898,5996299,60.63
OR,f,1990-1999,25-29,0.00051,0.00255,2.54,98661,251,492689,5502401,55.77
OR,f,1990-1999,30-34,0.00068,0.00342,2.67,98410,336,491266,5009711,50.91
OR,f,1990-1999,35-39,0.00097,0.00482,2.64,98073,472,489255,4518446,46.07
OR,f,1990-1999,40-44,0.00138,0.00689,2.67,97601,672,486438,4029190,41.28
OR,f,1990-1999,45-49,0.00218,0.01085,2.66,96929,1051,482182,3542753,36.55
OR,f,1990-1999,50-54,0.00378,0.01872,2.71,95878,1794,475273,3060570,31.92
OR,f,1990-1999,55-59,0.00610,0.03007,2.71,94083,2829,463926,2585297,27.48
OR,f,1990-1999,60-64,0.01014,0.04951,2.66,91254,4518,445698,2121371,23.25
OR,f,1990-1999,65-69,0.01510,0.07291,2.65,86736,6324,418790,1675673,19.32
OR,f,1990-1999,70-74,0.02394,0.11323,2.62,80412,9105,380378,1256882,15.63
OR,f,1990-1999,75-79,0.03721,0.17079,2.6,71307,12179,327293,876505,12.29
OR,f,1990-1999,80-84,0.05990,0.26178,2.59,59129,15479,258395,549211,9.29
OR,f,1990-1999,85-89,0.10552,0.41783,2.51,43650,18238,172835,290816,6.66
OR,f,1990-1999,90-94,0.18004,0.60854,2.34,25411,15464,85890,117981,4.64
OR,f,1990-1999,95-99,0.28697,0.78196,2.09,9947,7779,27106,32091,3.23
OR,f,1990-1999,100-104,0.42326,0.89816,1.8,2169,1948,4602,4985,2.30
OR,f,1990-1999,105-109,0.57290,0.95602,1.52,221,211,369,383,1.73
OR,f,1990-1999,110+,0.69238,1.00000,1.44,10,10,14,14,1.44
OR,f,2000-2009,0,0.00513,0.00511,0.07,100000,511,99524,8060365,80.60
OR,f,2000-2009,1-4,0.00025,0.00101,1.63,99489,100,397719,7960841,80.02
OR,f,2000-2009,5-9,0.00015,0.00073,2.47,99389,72,496762,7563122,76.10
OR,f,2000-2009,10-14,0.00014,0.00068,2.88,99317,67,496441,7066360,71.15
OR,f,2000-2009,15-19,0.00031,0.00154,2.7,99250,153,495896,6569919,66.20
OR,f,2000-2009,20-24,0.00043,0.00215,2.56,99096,213,494963,6074022,61.29
OR,f,2000-2009,25-29,0.00044,0.00220,2.5,98883,218,493873,5579060,56.42
OR,f,2000-2009,30-34,0.00061,0.00304,2.66,98666,300,492627,5085187,51.54
OR,f,2000-2009,35-39,0.00096,0.00479,2.68,98366,471,490736,4592560,46.69
OR,f,2000-2009,40-44,0.00163,0.00811,2.71,97895,794,487657,4101824,41.90
OR,f,2000-2009,45-49,0.00240,0.01191,2.67,97101,1157,482807,3614167,37.22
OR,f,2000-2009,50-54,0.00348,0.01724,2.64,95944,1654,475818,3131360,32.64
OR,f,2000-2009,55-59,0.00526,0.02597,2.68,94290,2449,465765,2655543,28.16
OR,f,2000-2009,60-64,0.00844,0.04137,2.66,91842,3799,450302,2189778,23.84
OR,f,2000-2009,65-69,0.01366,0.06620,2.65,88042,5829,426542,1739476,19.76
OR,f,2000-2009,70-74,0.02188,0.10403,2.63,82214,8553,390820,1312934,15.97
OR,f,2000-2009,75-79,0.03515,0.16225,2.63,73661,11951,340008,922114,12.52
OR,f,2000-2009,80-84,0.05716,0.25128,2.6,61709,15507,271264,582106,9.43
OR,f,2000-2009,85-89,0.10169,0.40665,2.54,46203,18788,184765,310842,6.73
OR,f,2000-2009,90-94,0.18107,0.61153,2.35,27414,16765,92590,126077,4.60
OR,f,2000-2009,95-99,0.29514,0.79265,2.08,10650,8441,28601,33487,3.14
OR,f,2000-2009,100-104,0.44090,0.90855,1.76,2208,2006,4550,4886,2.21
OR,f,2000-2009,105-109,0.59856,0.96229,1.47,202,194,325,335,1.66
OR,f,2000-2009,110+,0.72166,1.00000,1.39,8,8,11,11,1.39
OR,f,2010-2017,0,0.00454,0.00453,0.07,100000,453,99577,8173114,81.73
OR,f,2010-2017,1-4,0.00019,0.00075,1.72,99547,75,398020,8073537,81.10
OR,f,2010-2017,5-9,0.00009,0.00044,2.43,99473,43,497253,7675517,77.16
OR,f,2010-2017,10-14,0.00013,0.00066,2.76,99430,66,497001,7178264,72.19
OR,f,2010-2017,15-19,0.00027,0.00135,2.77,99364,134,496520,6681262,67.24
OR,f,2010-2017,20-24,0.00040,0.00200,2.71,99230,199,495693,6184743,62.33
OR,f,2010-2017,25-29,0.00049,0.00244,2.54,99031,242,494559,5689049,57.45
OR,f,2010-2017,30-34,0.00060,0.00299,2.57,98789,295,493226,5194490,52.58
OR,f,2010-2017,35-39,0.00097,0.00482,2.64,98494,475,491345,4701264,47.73
OR,f,2010-2017,40-44,0.00137,0.00684,2.71,98019,671,488559,4209919,42.95
OR,f,2010-2017,45-49,0.00227,0.01131,2.69,97348,1101,484196,3721360,38.23
OR,f,2010-2017,50-54,0.00370,0.01833,2.64,96247,1764,477070,3237163,33.63
OR,f,2010-2017,55-59,0.00510,0.02519,2.61,94483,2380,466729,2760093,29.21
OR,f,2010-2017,60-64,0.00743,0.03649,2.65,92104,3361,452623,2293364,24.90
OR,f,2010-2017,65-69,0.01117,0.05441,2.64,88743,4828,432339,1840741,20.74
OR,f,2010-2017,70-74,0.01809,0.08681,2.67,83914,7285,402632,1408401,16.78
OR,f,2010-2017,75-79,0.03100,0.14454,2.67,76629,11076,357332,1005770,13.13
OR,f,2010-2017,80-84,0.05268,0.23387,2.6,65553,15331,291016,648438,9.89
OR,f,2010-2017,85-89,0.09272,0.37823,2.57,50222,18995,204868,357422,7.12
OR,f,2010-2017,90-94,0.16657,0.57980,2.38,31227,18105,108692,152553,4.89
OR,f,2010-2017,95-99,0.27414,0.76683,2.13,13122,10062,36705,43861,3.34
OR,f,2010-2017,100-104,0.41483,0.89397,1.82,3060,2735,6593,7157,2.34
OR,f,2010-2017,105-109,0.57149,0.95607,1.52,324,310,543,563,1.74
OR,f,2010-2017,110+,0.69678,1.00000,1.44,14,14,20,20,1.44
