PopName,Sex,Year,Age,mx,qx,ax,lx,dx,Lx,Tx,ex
MA,f,1960-1969,0,0.01786,0.01758,0.1,100000,1758,98424,7463876,74.64
MA,f,1960-1969,1,0.00097,0.00097,0.5,98242,95,98195,7365452,74.97
MA,f,1960-1969,2,0.00065,0.00065,0.5,98147,64,98115,7267258,74.04
MA,f,1960-1969,3,0.00047,0.00047,0.5,98084,46,98061,7169142,73.09
MA,f,1960-1969,4,0.00043,0.00043,0.5,98037,43,98016,7071082,72.13
MA,f,1960-1969,5,0.00039,0.00039,0.5,97995,38,97976,6973066,71.16
MA,f,1960-1969,6,0.00036,0.00036,0.5,97957,35,97939,6875090,70.19
MA,f,1960-1969,7,0.00035,0.00035,0.5,97921,34,97904,6777151,69.21
MA,f,1960-1969,8,0.00026,0.00026,0.5,97887,25,97874,6679247,68.23
MA,f,1960-1969,9,0.00025,0.00025,0.5,97862,25,97850,6581372,67.25
MA,f,1960-1969,10,0.00025,0.00025,0.5,97837,24,97825,6483523,66.27
MA,f,1960-1969,11,0.00023,0.00023,0.5,97813,22,97802,6385697,65.28
MA,f,1960-1969,12,0.00023,0.00023,0.5,97791,23,97779,6287895,64.30
MA,f,1960-1969,13,0.00024,0.00024,0.5,97768,23,97756,6190116,63.31
MA,f,1960-1969,14,0.00024,0.00024,0.5,97745,24,97733,6092360,62.33
MA,f,1960-1969,15,0.00030,0.00030,0.5,97721,29,97706,5994627,61.34
MA,f,1960-1969,16,0.00041,0.00041,0.5,97692,40,97672,5896921,60.36
MA,f,1960-1969,17,0.00041,0.00041,0.5,97652,40,97632,5799249,59.39
MA,f,1960-1969,18,0.00039,0.00039,0.5,97612,38,97593,5701616,58.41
MA,f,1960-1969,19,0.00045,0.00045,0.5,97574,44,97552,5604023,57.43
MA,f,1960-1969,20,0.00046,0.00046,0.5,97530,44,97508,5506471,56.46
MA,f,1960-1969,21,0.00046,0.00046,0.5,97486,45,97463,5408963,55.48
MA,f,1960-1969,22,0.00057,0.00057,0.5,97441,55,97413,5311500,54.51
MA,f,1960-1969,23,0.00052,0.00052,0.5,97385,50,97360,5214086,53.54
MA,f,1960-1969,24,0.00057,0.00057,0.5,97335,55,97307,5116726,52.57
MA,f,1960-1969,25,0.00059,0.00059,0.5,97280,57,97251,5019419,51.60
MA,f,1960-1969,26,0.00062,0.00062,0.5,97222,60,97192,4922167,50.63
MA,f,1960-1969,27,0.00065,0.00065,0.5,97163,63,97131,4824975,49.66
MA,f,1960-1969,28,0.00060,0.00060,0.5,97100,59,97070,4727844,48.69
MA,f,1960-1969,29,0.00069,0.00069,0.5,97041,67,97007,4630774,47.72
MA,f,1960-1969,30,0.00080,0.00080,0.5,96974,77,96935,4533766,46.75
MA,f,1960-1969,31,0.00098,0.00097,0.5,96896,94,96849,4436832,45.79
MA,f,1960-1969,32,0.00089,0.00089,0.5,96802,86,96758,4339983,44.83
MA,f,1960-1969,33,0.00096,0.00096,0.5,96715,93,96669,4243224,43.87
MA,f,1960-1969,34,0.00122,0.00122,0.5,96622,118,96563,4146555,42.92
MA,f,1960-1969,35,0.00115,0.00115,0.5,96504,111,96449,4049992,41.97
MA,f,1960-1969,36,0.00140,0.00140,0.5,96394,135,96326,3953543,41.01
MA,f,1960-1969,37,0.00143,0.00143,0.5,96259,138,96190,3857217,40.07
MA,f,1960-1969,38,0.00167,0.00167,0.5,96121,160,96041,3761027,39.13
MA,f,1960-1969,39,0.00174,0.00173,0.5,95961,166,95877,3664986,38.19
MA,f,1960-1969,40,0.00195,0.00194,0.5,95794,186,95701,3569109,37.26
MA,f,1960-1969,41,0.00216,0.00216,0.5,95608,206,95505,3473408,36.33
MA,f,1960-1969,42,0.00235,0.00235,0.5,95402,224,95290,3377903,35.41
MA,f,1960-1969,43,0.00277,0.00277,0.5,95178,264,95046,3282613,34.49
MA,f,1960-1969,44,0.00284,0.00283,0.5,94914,269,94779,3187568,33.58
MA,f,1960-1969,45,0.00315,0.00315,0.5,94645,298,94496,3092788,32.68
MA,f,1960-1969,46,0.00349,0.00348,0.5,94347,328,94183,2998292,31.78
MA,f,1960-1969,47,0.00391,0.00390,0.5,94019,367,93836,2904109,30.89
MA,f,1960-1969,48,0.00406,0.00405,0.5,93652,380,93462,2810274,30.01
MA,f,1960-1969,49,0.00454,0.00453,0.5,93273,423,93061,2716811,29.13
MA,f,1960-1969,50,0.00507,0.00506,0.5,92850,469,92615,2623750,28.26
MA,f,1960-1969,51,0.00524,0.00522,0.5,92380,483,92139,2531135,27.40
MA,f,1960-1969,52,0.00599,0.00597,0.5,91898,549,91623,2438996,26.54
MA,f,1960-1969,53,0.00639,0.00637,0.5,91349,582,91058,2347373,25.70
MA,f,1960-1969,54,0.00687,0.00685,0.5,90767,622,90456,2256315,24.86
MA,f,1960-1969,55,0.00735,0.00733,0.5,90145,661,89815,2165859,24.03
MA,f,1960-1969,56,0.00811,0.00807,0.5,89485,722,89123,2076044,23.20
MA,f,1960-1969,57,0.00855,0.00852,0.5,88762,756,88384,1986920,22.38
MA,f,1960-1969,58,0.00981,0.00976,0.5,88006,859,87577,1898536,21.57
MA,f,1960-1969,59,0.01029,0.01023,0.5,87147,892,86701,1810960,20.78
MA,f,1960-1969,60,0.01108,0.01102,0.5,86255,951,85780,1724258,19.99
MA,f,1960-1969,61,0.01177,0.01170,0.5,85304,998,84805,1638479,19.21
MA,f,1960-1969,62,0.01396,0.01386,0.5,84306,1169,83722,1553673,18.43
MA,f,1960-1969,63,0.01475,0.01465,0.5,83137,1218,82528,1469952,17.68
MA,f,1960-1969,64,0.01597,0.01584,0.5,81920,1298,81271,1387423,16.94
MA,f,1960-1969,65,0.01823,0.01807,0.5,80622,1457,79894,1306153,16.20
MA,f,1960-1969,66,0.01945,0.01926,0.5,79165,1525,78403,1226259,15.49
MA,f,1960-1969,67,0.02211,0.02187,0.5,77640,1698,76791,1147856,14.78
MA,f,1960-1969,68,0.02385,0.02357,0.5,75942,1790,75047,1071065,14.10
MA,f,1960-1969,69,0.02550,0.02518,0.5,74152,1867,73219,996018,13.43
MA,f,1960-1969,70,0.02984,0.02940,0.5,72285,2125,71223,922800,12.77
MA,f,1960-1969,71,0.03054,0.03008,0.5,70160,2110,69105,851577,12.14
MA,f,1960-1969,72,0.03701,0.03634,0.5,68050,2473,66813,782472,11.50
MA,f,1960-1969,73,0.04055,0.03974,0.5,65577,2606,64274,715658,10.91
MA,f,1960-1969,74,0.04413,0.04318,0.5,62971,2719,61611,651385,10.34
MA,f,1960-1969,75,0.04931,0.04812,0.5,60252,2899,58802,589773,9.79
MA,f,1960-1969,76,0.05207,0.05075,0.5,57353,2911,55897,530971,9.26
MA,f,1960-1969,77,0.05621,0.05467,0.5,54442,2976,52954,475073,8.73
MA,f,1960-1969,78,0.06433,0.06233,0.5,51466,3208,49862,422120,8.20
MA,f,1960-1969,79,0.06991,0.06755,0.5,48258,3260,46628,372258,7.71
MA,f,1960-1969,80,0.08290,0.07960,0.5,44998,3582,43207,325630,7.24
MA,f,1960-1969,81,0.08376,0.08039,0.5,41417,3330,39752,282422,6.82
MA,f,1960-1969,82,0.09752,0.09298,0.5,38087,3541,36316,242671,6.37
MA,f,1960-1969,83,0.10864,0.10304,0.5,34545,3560,32766,206354,5.97
MA,f,1960-1969,84,0.11941,0.11268,0.5,30986,3491,29240,173589,5.60
MA,f,1960-1969,85,0.13363,0.12526,0.5,27494,3444,25772,144349,5.25
MA,f,1960-1969,86,0.14430,0.13459,0.5,24050,3237,22432,118577,4.93
MA,f,1960-1969,87,0.15948,0.14771,0.5,20813,3074,19276,96145,4.62
MA,f,1960-1969,88,0.17143,0.15790,0.5,17739,2801,16339,76868,4.33
MA,f,1960-1969,89,0.18849,0.17226,0.5,14938,2573,13652,60530,4.05
MA,f,1960-1969,90,0.21265,0.19221,0.5,12365,2377,11177,46878,3.79
MA,f,1960-1969,91,0.22177,0.19964,0.5,9988,1994,8991,35701,3.57
MA,f,1960-1969,92,0.24375,0.21727,0.5,7994,1737,7126,26710,3.34
MA,f,1960-1969,93,0.27179,0.23928,0.5,6257,1497,5509,19584,3.13
MA,f,1960-1969,94,0.28761,0.25145,0.5,4760,1197,4162,14076,2.96
MA,f,1960-1969,95,0.31054,0.26880,0.5,3563,958,3084,9914,2.78
MA,f,1960-1969,96,0.33444,0.28653,0.5,2605,747,2232,6830,2.62
MA,f,1960-1969,97,0.35923,0.30453,0.5,1859,566,1576,4598,2.47
MA,f,1960-1969,98,0.38478,0.32270,0.5,1293,417,1084,3022,2.34
MA,f,1960-1969,99,0.41099,0.34093,0.5,876,299,726,1938,2.21
MA,f,1960-1969,100,0.43772,0.35912,0.5,577,207,473,1211,2.10
MA,f,1960-1969,101,0.46481,0.37716,0.5,370,139,300,738,1.99
MA,f,1960-1969,102,0.49211,0.39494,0.5,230,91,185,438,1.90
MA,f,1960-1969,103,0.51946,0.41236,0.5,139,57,111,253,1.81
MA,f,1960-1969,104,0.54669,0.42934,0.5,82,35,64,142,1.73
MA,f,1960-1969,105,0.57365,0.44579,0.5,47,21,36,78,1.66
MA,f,1960-1969,106,0.60017,0.46164,0.5,26,12,20,41,1.60
MA,f,1960-1969,107,0.62612,0.47684,0.5,14,7,11,22,1.54
MA,f,1960-1969,108,0.65137,0.49134,0.5,7,4,6,11,1.49
MA,f,1960-1969,109,0.67579,0.50511,0.5,4,2,3,5,1.46
MA,f,1960-1969,110+,0.69929,1.00000,1.43,2,2,3,3,1.43
MA,f,1970-1979,0,0.01184,0.01171,0.09,100000,1171,98930,7702391,77.02
MA,f,1970-1979,1,0.00074,0.00074,0.5,98829,73,98793,7603461,76.94
MA,f,1970-1979,2,0.00050,0.00050,0.5,98756,49,98732,7504668,75.99
MA,f,1970-1979,3,0.00038,0.00038,0.5,98707,38,98688,7405937,75.03
MA,f,1970-1979,4,0.00031,0.00031,0.5,98669,31,98654,7307249,74.06
MA,f,1970-1979,5,0.00031,0.00031,0.5,98638,31,98623,7208595,73.08
MA,f,1970-1979,6,0.00022,0.00022,0.5,98608,22,98597,7109972,72.10
MA,f,1970-1979,7,0.00028,0.00028,0.5,98586,28,98572,7011375,71.12
MA,f,1970-1979,8,0.00019,0.00019,0.5,98558,19,98549,6912803,70.14
MA,f,1970-1979,9,0.00018,0.00018,0.5,98540,18,98531,6814254,69.15
MA,f,1970-1979,10,0.00021,0.00021,0.5,98522,21,98511,6715723,68.16
MA,f,1970-1979,11,0.00018,0.00018,0.5,98501,18,98492,6617212,67.18
MA,f,1970-1979,12,0.00018,0.00018,0.5,98483,18,98474,6518720,66.19
MA,f,1970-1979,13,0.00024,0.00024,0.5,98465,24,98453,6420245,65.20
MA,f,1970-1979,14,0.00029,0.00029,0.5,98442,29,98427,6321792,64.22
MA,f,1970-1979,15,0.00036,0.00036,0.5,98413,35,98395,6223365,63.24
MA,f,1970-1979,16,0.00040,0.00040,0.5,98377,39,98358,6124970,62.26
MA,f,1970-1979,17,0.00046,0.00046,0.5,98338,45,98316,6026612,61.28
MA,f,1970-1979,18,0.00053,0.00053,0.5,98293,52,98267,5928296,60.31
MA,f,1970-1979,19,0.00052,0.00052,0.5,98242,51,98216,5830029,59.34
MA,f,1970-1979,20,0.00052,0.00052,0.5,98191,51,98165,5731812,58.37
MA,f,1970-1979,21,0.00044,0.00044,0.5,98140,43,98118,5633647,57.40
MA,f,1970-1979,22,0.00049,0.00049,0.5,98097,48,98072,5535529,56.43
MA,f,1970-1979,23,0.00050,0.00050,0.5,98048,49,98024,5437456,55.46
MA,f,1970-1979,24,0.00047,0.00047,0.5,98000,46,97977,5339432,54.48
MA,f,1970-1979,25,0.00055,0.00055,0.5,97954,54,97927,5241456,53.51
MA,f,1970-1979,26,0.00051,0.00051,0.5,97900,50,97874,5143529,52.54
MA,f,1970-1979,27,0.00057,0.00057,0.5,97849,56,97821,5045655,51.57
MA,f,1970-1979,28,0.00058,0.00058,0.5,97793,56,97765,4947833,50.59
MA,f,1970-1979,29,0.00068,0.00068,0.5,97737,67,97704,4850068,49.62
MA,f,1970-1979,30,0.00063,0.00063,0.5,97670,61,97639,4752365,48.66
MA,f,1970-1979,31,0.00066,0.00066,0.5,97609,65,97576,4654725,47.69
MA,f,1970-1979,32,0.00080,0.00080,0.5,97544,78,97505,4557149,46.72
MA,f,1970-1979,33,0.00092,0.00092,0.5,97466,90,97421,4459644,45.76
MA,f,1970-1979,34,0.00087,0.00087,0.5,97376,85,97334,4362222,44.80
MA,f,1970-1979,35,0.00103,0.00103,0.5,97291,100,97241,4264889,43.84
MA,f,1970-1979,36,0.00113,0.00113,0.5,97191,110,97136,4167647,42.88
MA,f,1970-1979,37,0.00115,0.00115,0.5,97081,111,97026,4070511,41.93
MA,f,1970-1979,38,0.00137,0.00137,0.5,96970,133,96904,3973485,40.98
MA,f,1970-1979,39,0.00142,0.00142,0.5,96837,137,96769,3876581,40.03
MA,f,1970-1979,40,0.00165,0.00165,0.5,96700,160,96620,3779813,39.09
MA,f,1970-1979,41,0.00174,0.00174,0.5,96540,168,96456,3683193,38.15
MA,f,1970-1979,42,0.00208,0.00208,0.5,96372,201,96272,3586736,37.22
MA,f,1970-1979,43,0.00238,0.00238,0.5,96172,228,96057,3490464,36.29
MA,f,1970-1979,44,0.00246,0.00246,0.5,95943,236,95825,3394407,35.38
MA,f,1970-1979,45,0.00281,0.00281,0.5,95707,269,95573,3298582,34.47
MA,f,1970-1979,46,0.00321,0.00320,0.5,95438,306,95286,3203009,33.56
MA,f,1970-1979,47,0.00347,0.00347,0.5,95133,330,94968,3107723,32.67
MA,f,1970-1979,48,0.00376,0.00375,0.5,94803,356,94625,3012756,31.78
MA,f,1970-1979,49,0.00400,0.00399,0.5,94447,377,94259,2918131,30.90
MA,f,1970-1979,50,0.00419,0.00418,0.5,94070,393,93874,2823872,30.02
MA,f,1970-1979,51,0.00461,0.00460,0.5,93677,431,93461,2729999,29.14
MA,f,1970-1979,52,0.00489,0.00488,0.5,93246,455,93018,2636537,28.28
MA,f,1970-1979,53,0.00557,0.00555,0.5,92791,515,92533,2543519,27.41
MA,f,1970-1979,54,0.00601,0.00599,0.5,92275,553,91999,2450986,26.56
MA,f,1970-1979,55,0.00668,0.00666,0.5,91723,611,91417,2358987,25.72
MA,f,1970-1979,56,0.00700,0.00698,0.5,91112,636,90794,2267569,24.89
MA,f,1970-1979,57,0.00756,0.00753,0.5,90476,681,90136,2176775,24.06
MA,f,1970-1979,58,0.00829,0.00826,0.5,89795,742,89424,2086640,23.24
MA,f,1970-1979,59,0.00915,0.00910,0.5,89054,811,88648,1997215,22.43
MA,f,1970-1979,60,0.01008,0.01003,0.5,88243,885,87800,1908567,21.63
MA,f,1970-1979,61,0.01057,0.01051,0.5,87358,918,86899,1820767,20.84
MA,f,1970-1979,62,0.01220,0.01213,0.5,86440,1048,85915,1733868,20.06
MA,f,1970-1979,63,0.01252,0.01244,0.5,85391,1062,84860,1647953,19.30
MA,f,1970-1979,64,0.01354,0.01345,0.5,84329,1134,83762,1563093,18.54
MA,f,1970-1979,65,0.01535,0.01523,0.5,83195,1267,82561,1479331,17.78
MA,f,1970-1979,66,0.01615,0.01602,0.5,81928,1312,81271,1396770,17.05
MA,f,1970-1979,67,0.01782,0.01766,0.5,80615,1424,79903,1315498,16.32
MA,f,1970-1979,68,0.01942,0.01924,0.5,79192,1523,78430,1235595,15.60
MA,f,1970-1979,69,0.02113,0.02091,0.5,77668,1624,76856,1157165,14.90
MA,f,1970-1979,70,0.02327,0.02300,0.5,76044,1749,75170,1080309,14.21
MA,f,1970-1979,71,0.02462,0.02432,0.5,74295,1807,73392,1005139,13.53
MA,f,1970-1979,72,0.02924,0.02882,0.5,72488,2089,71444,931747,12.85
MA,f,1970-1979,73,0.03120,0.03072,0.5,70399,2163,69318,860303,12.22
MA,f,1970-1979,74,0.03448,0.03390,0.5,68237,2313,67080,790985,11.59
MA,f,1970-1979,75,0.03920,0.03845,0.5,65924,2535,64656,723905,10.98
MA,f,1970-1979,76,0.04158,0.04073,0.5,63389,2582,62098,659249,10.40
MA,f,1970-1979,77,0.04715,0.04607,0.5,60807,2801,59406,597151,9.82
MA,f,1970-1979,78,0.05348,0.05209,0.5,58006,3022,56495,537744,9.27
MA,f,1970-1979,79,0.05906,0.05737,0.5,54984,3154,53407,481249,8.75
MA,f,1970-1979,80,0.06443,0.06242,0.5,51830,3235,50213,427842,8.25
MA,f,1970-1979,81,0.06865,0.06638,0.5,48595,3225,46982,377630,7.77
MA,f,1970-1979,82,0.07905,0.07605,0.5,45369,3450,43644,330647,7.29
MA,f,1970-1979,83,0.08908,0.08528,0.5,41919,3575,40132,287003,6.85
MA,f,1970-1979,84,0.09696,0.09248,0.5,38344,3546,36571,246871,6.44
MA,f,1970-1979,85,0.10757,0.10208,0.5,34798,3552,33022,210300,6.04
MA,f,1970-1979,86,0.11912,0.11242,0.5,31246,3513,29490,177278,5.67
MA,f,1970-1979,87,0.13065,0.12264,0.5,27733,3401,26033,147788,5.33
MA,f,1970-1979,88,0.14259,0.13310,0.5,24332,3239,22713,121755,5.00
MA,f,1970-1979,89,0.15346,0.14252,0.5,21093,3006,19590,99042,4.70
MA,f,1970-1979,90,0.17054,0.15714,0.5,18087,2842,16666,79452,4.39
MA,f,1970-1979,91,0.18413,0.16861,0.5,15245,2570,13960,62786,4.12
MA,f,1970-1979,92,0.20349,0.18470,0.5,12675,2341,11504,48826,3.85
MA,f,1970-1979,93,0.21983,0.19806,0.5,10334,2047,9310,37322,3.61
MA,f,1970-1979,94,0.24206,0.21593,0.5,8287,1789,7392,28012,3.38
MA,f,1970-1979,95,0.26273,0.23222,0.5,6497,1509,5743,20620,3.17
MA,f,1970-1979,96,0.28449,0.24906,0.5,4989,1242,4367,14877,2.98
MA,f,1970-1979,97,0.30731,0.26638,0.5,3746,998,3247,10509,2.81
MA,f,1970-1979,98,0.33111,0.28408,0.5,2748,781,2358,7262,2.64
MA,f,1970-1979,99,0.35580,0.30206,0.5,1968,594,1670,4904,2.49
MA,f,1970-1979,100,0.38129,0.32024,0.5,1373,440,1153,3234,2.36
MA,f,1970-1979,101,0.40745,0.33849,0.5,933,316,775,2081,2.23
MA,f,1970-1979,102,0.43414,0.35671,0.5,617,220,507,1305,2.11
MA,f,1970-1979,103,0.46122,0.37479,0.5,397,149,323,798,2.01
MA,f,1970-1979,104,0.48854,0.39263,0.5,248,98,200,475,1.91
MA,f,1970-1979,105,0.51592,0.41012,0.5,151,62,120,275,1.83
MA,f,1970-1979,106,0.54320,0.42718,0.5,89,38,70,156,1.75
MA,f,1970-1979,107,0.57023,0.44372,0.5,51,23,40,86,1.68
MA,f,1970-1979,108,0.59685,0.45967,0.5,28,13,22,46,1.62
MA,f,1970-1979,109,0.62291,0.47497,0.5,15,7,12,24,1.57
MA,f,1970-1979,110+,0.64827,1.00000,1.54,8,8,12,12,1.54
MA,f,1980-1989,0,0.00792,0.00786,0.08,100000,786,99273,7884118,78.84
MA,f,1980-1989,1,0.00057,0.00057,0.5,99214,57,99186,7784845,78.47
MA,f,1980-1989,2,0.00034,0.00034,0.5,99157,34,99140,7685659,77.51
MA,f,1980-1989,3,0.00026,0.00026,0.5,99123,25,99111,7586519,76.54
MA,f,1980-1989,4,0.00020,0.00020,0.5,99098,20,99088,7487408,75.56
MA,f,1980-1989,5,0.00019,0.00019,0.5,99078,19,99069,7388320,74.57
MA,f,1980-1989,6,0.00016,0.00016,0.5,99059,16,99052,7289251,73.58
MA,f,1980-1989,7,0.00013,0.00013,0.5,99044,12,99038,7190199,72.60
MA,f,1980-1989,8,0.00014,0.00014,0.5,99031,14,99025,7091162,71.61
MA,f,1980-1989,9,0.00016,0.00016,0.5,99018,15,99010,6992137,70.61
MA,f,1980-1989,10,0.00020,0.00020,0.5,99002,20,98993,6893127,69.63
MA,f,1980-1989,11,0.00014,0.00014,0.5,98983,14,98976,6794134,68.64
MA,f,1980-1989,12,0.00015,0.00015,0.5,98969,15,98962,6695158,67.65
MA,f,1980-1989,13,0.00017,0.00017,0.5,98954,17,98946,6596197,66.66
MA,f,1980-1989,14,0.00019,0.00019,0.5,98937,19,98928,6497251,65.67
MA,f,1980-1989,15,0.00027,0.00027,0.5,98918,27,98905,6398324,64.68
MA,f,1980-1989,16,0.00031,0.00031,0.5,98892,31,98876,6299418,63.70
MA,f,1980-1989,17,0.00039,0.00039,0.5,98861,38,98842,6200542,62.72
MA,f,1980-1989,18,0.00037,0.00037,0.5,98823,37,98805,6101700,61.74
MA,f,1980-1989,19,0.00036,0.00036,0.5,98786,35,98769,6002895,60.77
MA,f,1980-1989,20,0.00036,0.00036,0.5,98751,35,98733,5904127,59.79
MA,f,1980-1989,21,0.00042,0.00042,0.5,98716,41,98695,5805393,58.81
MA,f,1980-1989,22,0.00041,0.00041,0.5,98674,41,98654,5706698,57.83
MA,f,1980-1989,23,0.00039,0.00039,0.5,98633,38,98614,5608044,56.86
MA,f,1980-1989,24,0.00036,0.00036,0.5,98595,36,98577,5509430,55.88
MA,f,1980-1989,25,0.00040,0.00040,0.5,98559,40,98539,5410853,54.90
MA,f,1980-1989,26,0.00041,0.00041,0.5,98520,41,98499,5312313,53.92
MA,f,1980-1989,27,0.00046,0.00046,0.5,98479,45,98456,5213814,52.94
MA,f,1980-1989,28,0.00050,0.00050,0.5,98434,49,98409,5115358,51.97
MA,f,1980-1989,29,0.00045,0.00045,0.5,98384,44,98362,5016949,50.99
MA,f,1980-1989,30,0.00054,0.00054,0.5,98340,53,98314,4918587,50.02
MA,f,1980-1989,31,0.00064,0.00064,0.5,98287,63,98256,4820273,49.04
MA,f,1980-1989,32,0.00060,0.00060,0.5,98224,59,98195,4722017,48.07
MA,f,1980-1989,33,0.00066,0.00066,0.5,98165,65,98132,4623823,47.10
MA,f,1980-1989,34,0.00074,0.00074,0.5,98100,73,98063,4525690,46.13
MA,f,1980-1989,35,0.00081,0.00081,0.5,98027,79,97987,4427627,45.17
MA,f,1980-1989,36,0.00088,0.00088,0.5,97947,86,97904,4329640,44.20
MA,f,1980-1989,37,0.00090,0.00090,0.5,97861,88,97817,4231736,43.24
MA,f,1980-1989,38,0.00107,0.00107,0.5,97773,104,97721,4133919,42.28
MA,f,1980-1989,39,0.00102,0.00102,0.5,97669,100,97619,4036198,41.33
MA,f,1980-1989,40,0.00126,0.00126,0.5,97569,123,97508,3938579,40.37
MA,f,1980-1989,41,0.00139,0.00139,0.5,97446,135,97379,3841071,39.42
MA,f,1980-1989,42,0.00160,0.00160,0.5,97311,156,97233,3743693,38.47
MA,f,1980-1989,43,0.00170,0.00169,0.5,97155,165,97073,3646459,37.53
MA,f,1980-1989,44,0.00171,0.00171,0.5,96991,166,96908,3549386,36.60
MA,f,1980-1989,45,0.00220,0.00220,0.5,96825,213,96719,3452478,35.66
MA,f,1980-1989,46,0.00232,0.00231,0.5,96612,223,96501,3355759,34.73
MA,f,1980-1989,47,0.00262,0.00262,0.5,96389,253,96263,3259259,33.81
MA,f,1980-1989,48,0.00299,0.00299,0.5,96136,287,95993,3162996,32.90
MA,f,1980-1989,49,0.00331,0.00331,0.5,95849,317,95690,3067004,32.00
MA,f,1980-1989,50,0.00351,0.00350,0.5,95532,334,95364,2971314,31.10
MA,f,1980-1989,51,0.00422,0.00421,0.5,95197,401,94997,2875949,30.21
MA,f,1980-1989,52,0.00435,0.00434,0.5,94796,411,94590,2780953,29.34
MA,f,1980-1989,53,0.00477,0.00476,0.5,94385,450,94160,2686362,28.46
MA,f,1980-1989,54,0.00510,0.00509,0.5,93935,478,93696,2592202,27.60
MA,f,1980-1989,55,0.00559,0.00558,0.5,93457,521,93197,2498506,26.73
MA,f,1980-1989,56,0.00607,0.00605,0.5,92936,563,92655,2405309,25.88
MA,f,1980-1989,57,0.00655,0.00653,0.5,92373,603,92072,2312654,25.04
MA,f,1980-1989,58,0.00765,0.00762,0.5,91770,700,91421,2220582,24.20
MA,f,1980-1989,59,0.00810,0.00807,0.5,91071,735,90703,2129162,23.38
MA,f,1980-1989,60,0.00897,0.00893,0.5,90336,807,89933,2038458,22.57
MA,f,1980-1989,61,0.00960,0.00956,0.5,89529,855,89102,1948526,21.76
MA,f,1980-1989,62,0.01130,0.01124,0.5,88674,996,88176,1859424,20.97
MA,f,1980-1989,63,0.01149,0.01142,0.5,87678,1001,87177,1771248,20.20
MA,f,1980-1989,64,0.01225,0.01218,0.5,86676,1055,86149,1684071,19.43
MA,f,1980-1989,65,0.01395,0.01385,0.5,85621,1186,85028,1597922,18.66
MA,f,1980-1989,66,0.01493,0.01482,0.5,84435,1251,83809,1512894,17.92
MA,f,1980-1989,67,0.01664,0.01650,0.5,83184,1373,82497,1429085,17.18
MA,f,1980-1989,68,0.01808,0.01792,0.5,81811,1466,81078,1346588,16.46
MA,f,1980-1989,69,0.02012,0.01992,0.5,80345,1600,79545,1265509,15.75
MA,f,1980-1989,70,0.02168,0.02145,0.5,78745,1689,77901,1185964,15.06
MA,f,1980-1989,71,0.02319,0.02292,0.5,77056,1766,76173,1108064,14.38
MA,f,1980-1989,72,0.02633,0.02599,0.5,75290,1957,74312,1031890,13.71
MA,f,1980-1989,73,0.02825,0.02786,0.5,73333,2043,72312,957579,13.06
MA,f,1980-1989,74,0.02997,0.02953,0.5,71290,2105,70238,885267,12.42
MA,f,1980-1989,75,0.03299,0.03245,0.5,69185,2245,68062,815029,11.78
MA,f,1980-1989,76,0.03628,0.03563,0.5,66940,2385,65747,746967,11.16
MA,f,1980-1989,77,0.04074,0.03992,0.5,64555,2577,63266,681220,10.55
MA,f,1980-1989,78,0.04401,0.04306,0.5,61977,2669,60643,617954,9.97
MA,f,1980-1989,79,0.04924,0.04805,0.5,59309,2850,57883,557311,9.40
MA,f,1980-1989,80,0.05393,0.05251,0.5,56458,2965,54976,499427,8.85
MA,f,1980-1989,81,0.06176,0.05991,0.5,53494,3205,51891,444451,8.31
MA,f,1980-1989,82,0.06863,0.06635,0.5,50289,3337,48621,392560,7.81
MA,f,1980-1989,83,0.07603,0.07324,0.5,46952,3439,45233,343940,7.33
MA,f,1980-1989,84,0.08523,0.08174,0.5,43513,3557,41735,298707,6.86
MA,f,1980-1989,85,0.09545,0.09110,0.5,39956,3640,38136,256972,6.43
MA,f,1980-1989,86,0.10498,0.09974,0.5,36316,3622,34505,218836,6.03
MA,f,1980-1989,87,0.11708,0.11061,0.5,32694,3616,30886,184331,5.64
MA,f,1980-1989,88,0.12827,0.12054,0.5,29078,3505,27325,153445,5.28
MA,f,1980-1989,89,0.14056,0.13133,0.5,25573,3358,23894,126119,4.93
MA,f,1980-1989,90,0.15837,0.14675,0.5,22214,3260,20585,102226,4.60
MA,f,1980-1989,91,0.16913,0.15594,0.5,18955,2956,17477,81641,4.31
MA,f,1980-1989,92,0.19301,0.17602,0.5,15999,2816,14591,64164,4.01
MA,f,1980-1989,93,0.20773,0.18818,0.5,13183,2481,11942,49574,3.76
MA,f,1980-1989,94,0.22738,0.20417,0.5,10702,2185,9609,37632,3.52
MA,f,1980-1989,95,0.24831,0.22089,0.5,8517,1881,7576,28022,3.29
MA,f,1980-1989,96,0.27049,0.23827,0.5,6636,1581,5845,20446,3.08
MA,f,1980-1989,97,0.29388,0.25623,0.5,5055,1295,4407,14601,2.89
MA,f,1980-1989,98,0.31841,0.27468,0.5,3759,1033,3243,10194,2.71
MA,f,1980-1989,99,0.34398,0.29350,0.5,2727,800,2327,6951,2.55
MA,f,1980-1989,100,0.37050,0.31259,0.5,1926,602,1625,4624,2.40
MA,f,1980-1989,101,0.39782,0.33182,0.5,1324,439,1105,2999,2.26
MA,f,1980-1989,102,0.42579,0.35105,0.5,885,311,730,1894,2.14
MA,f,1980-1989,103,0.45424,0.37017,0.5,574,213,468,1164,2.03
MA,f,1980-1989,104,0.48300,0.38905,0.5,362,141,291,697,1.93
MA,f,1980-1989,105,0.51187,0.40756,0.5,221,90,176,405,1.83
MA,f,1980-1989,106,0.54066,0.42561,0.5,131,56,103,229,1.75
MA,f,1980-1989,107,0.56918,0.44308,0.5,75,33,59,126,1.68
MA,f,1980-1989,108,0.59725,0.45991,0.5,42,19,32,68,1.62
MA,f,1980-1989,109,0.62470,0.47602,0.5,23,11,17,35,1.57
MA,f,1980-1989,110+,0.65137,1.00000,1.54,12,12,18,18,1.54
MA,f,1990-1999,0,0.00548,0.00546,0.07,100000,546,99492,8024110,80.24
MA,f,1990-1999,1,0.00037,0.00037,0.5,99454,37,99436,7924619,79.68
MA,f,1990-1999,2,0.00026,0.00026,0.5,99417,26,99405,7825183,78.71
MA,f,1990-1999,3,0.00018,0.00018,0.5,99392,17,99383,7725778,77.73
MA,f,1990-1999,4,0.00014,0.00014,0.5,99374,14,99367,7626395,76.74
MA,f,1990-1999,5,0.00010,0.00010,0.5,99361,10,99356,7527028,75.75
MA,f,1990-1999,6,0.00011,0.00011,0.5,99351,11,99345,7427672,74.76
MA,f,1990-1999,7,0.00010,0.00010,0.5,99340,10,99335,7328327,73.77
MA,f,1990-1999,8,0.00009,0.00009,0.5,99330,9,99325,7228992,72.78
MA,f,1990-1999,9,0.00009,0.00009,0.5,99321,9,99317,7129666,71.78
MA,f,1990-1999,10,0.00011,0.00011,0.5,99312,11,99307,7030350,70.79
MA,f,1990-1999,11,0.00010,0.00010,0.5,99301,10,99296,6931043,69.80
MA,f,1990-1999,12,0.00013,0.00013,0.5,99292,13,99285,6831746,68.80
MA,f,1990-1999,13,0.00012,0.00012,0.5,99279,12,99273,6732461,67.81
MA,f,1990-1999,14,0.00014,0.00014,0.5,99267,14,99260,6633189,66.82
MA,f,1990-1999,15,0.00022,0.00022,0.5,99253,22,99242,6533929,65.83
MA,f,1990-1999,16,0.00033,0.00033,0.5,99231,33,99214,6434687,64.85
MA,f,1990-1999,17,0.00033,0.00033,0.5,99198,32,99182,6335473,63.87
MA,f,1990-1999,18,0.00032,0.00032,0.5,99166,32,99150,6236291,62.89
MA,f,1990-1999,19,0.00028,0.00028,0.5,99134,28,99120,6137141,61.91
MA,f,1990-1999,20,0.00028,0.00028,0.5,99106,28,99092,6038022,60.92
MA,f,1990-1999,21,0.00030,0.00030,0.5,99078,30,99063,5938930,59.94
MA,f,1990-1999,22,0.00028,0.00028,0.5,99048,27,99035,5839866,58.96
MA,f,1990-1999,23,0.00030,0.00030,0.5,99021,30,99006,5740832,57.98
MA,f,1990-1999,24,0.00033,0.00033,0.5,98991,33,98975,5641826,56.99
MA,f,1990-1999,25,0.00031,0.00031,0.5,98958,31,98943,5542851,56.01
MA,f,1990-1999,26,0.00032,0.00032,0.5,98928,32,98912,5443908,55.03
MA,f,1990-1999,27,0.00042,0.00042,0.5,98896,41,98875,5344996,54.05
MA,f,1990-1999,28,0.00044,0.00044,0.5,98855,43,98833,5246121,53.07
MA,f,1990-1999,29,0.00048,0.00048,0.5,98811,48,98787,5147288,52.09
MA,f,1990-1999,30,0.00058,0.00058,0.5,98763,57,98735,5048500,51.12
MA,f,1990-1999,31,0.00065,0.00065,0.5,98707,64,98675,4949765,50.15
MA,f,1990-1999,32,0.00068,0.00068,0.5,98643,67,98609,4851091,49.18
MA,f,1990-1999,33,0.00064,0.00064,0.5,98575,63,98544,4752482,48.21
MA,f,1990-1999,34,0.00079,0.00079,0.5,98512,78,98473,4653938,47.24
MA,f,1990-1999,35,0.00087,0.00087,0.5,98434,86,98391,4555465,46.28
MA,f,1990-1999,36,0.00093,0.00093,0.5,98349,91,98303,4457074,45.32
MA,f,1990-1999,37,0.00091,0.00091,0.5,98257,89,98213,4358771,44.36
MA,f,1990-1999,38,0.00104,0.00104,0.5,98168,102,98117,4260558,43.40
MA,f,1990-1999,39,0.00105,0.00105,0.5,98066,103,98014,4162441,42.45
MA,f,1990-1999,40,0.00117,0.00116,0.5,97963,114,97906,4064426,41.49
MA,f,1990-1999,41,0.00135,0.00135,0.5,97849,132,97783,3966521,40.54
MA,f,1990-1999,42,0.00148,0.00148,0.5,97717,145,97645,3868738,39.59
MA,f,1990-1999,43,0.00144,0.00143,0.5,97572,140,97502,3771093,38.65
MA,f,1990-1999,44,0.00157,0.00157,0.5,97432,153,97356,3673591,37.70
MA,f,1990-1999,45,0.00190,0.00190,0.5,97279,185,97187,3576235,36.76
MA,f,1990-1999,46,0.00199,0.00199,0.5,97095,193,96998,3479049,35.83
MA,f,1990-1999,47,0.00222,0.00222,0.5,96901,215,96794,3382050,34.90
MA,f,1990-1999,48,0.00228,0.00228,0.5,96687,220,96577,3285256,33.98
MA,f,1990-1999,49,0.00246,0.00246,0.5,96466,237,96348,3188680,33.05
MA,f,1990-1999,50,0.00279,0.00279,0.5,96229,268,96095,3092332,32.14
MA,f,1990-1999,51,0.00323,0.00322,0.5,95961,309,95806,2996237,31.22
MA,f,1990-1999,52,0.00356,0.00356,0.5,95652,340,95482,2900430,30.32
MA,f,1990-1999,53,0.00414,0.00413,0.5,95312,393,95115,2804948,29.43
MA,f,1990-1999,54,0.00405,0.00404,0.5,94918,383,94727,2709833,28.55
MA,f,1990-1999,55,0.00492,0.00491,0.5,94535,464,94303,2615107,27.66
MA,f,1990-1999,56,0.00528,0.00527,0.5,94071,496,93823,2520804,26.80
MA,f,1990-1999,57,0.00576,0.00574,0.5,93575,537,93306,2426981,25.94
MA,f,1990-1999,58,0.00676,0.00674,0.5,93038,627,92724,2333674,25.08
MA,f,1990-1999,59,0.00672,0.00669,0.5,92411,619,92101,2240950,24.25
MA,f,1990-1999,60,0.00756,0.00753,0.5,91792,691,91446,2148849,23.41
MA,f,1990-1999,61,0.00883,0.00880,0.5,91101,801,90700,2057403,22.58
MA,f,1990-1999,62,0.00956,0.00952,0.5,90299,859,89870,1966703,21.78
MA,f,1990-1999,63,0.01039,0.01033,0.5,89440,924,88978,1876833,20.98
MA,f,1990-1999,64,0.01111,0.01105,0.5,88516,978,88027,1787855,20.20
MA,f,1990-1999,65,0.01189,0.01182,0.5,87538,1035,87020,1699829,19.42
MA,f,1990-1999,66,0.01368,0.01359,0.5,86503,1176,85915,1612809,18.64
MA,f,1990-1999,67,0.01434,0.01423,0.5,85327,1215,84720,1526894,17.89
MA,f,1990-1999,68,0.01626,0.01613,0.5,84113,1357,83434,1442174,17.15
MA,f,1990-1999,69,0.01711,0.01697,0.5,82756,1404,82054,1358740,16.42
MA,f,1990-1999,70,0.01886,0.01868,0.5,81352,1520,80592,1276686,15.69
MA,f,1990-1999,71,0.02105,0.02083,0.5,79832,1663,79000,1196094,14.98
MA,f,1990-1999,72,0.02262,0.02237,0.5,78169,1748,77295,1117093,14.29
MA,f,1990-1999,73,0.02503,0.02472,0.5,76420,1889,75476,1039799,13.61
MA,f,1990-1999,74,0.02765,0.02728,0.5,74531,2033,73515,964323,12.94
MA,f,1990-1999,75,0.03018,0.02973,0.5,72498,2156,71421,890808,12.29
MA,f,1990-1999,76,0.03292,0.03238,0.5,70343,2278,69204,819387,11.65
MA,f,1990-1999,77,0.03687,0.03620,0.5,68065,2464,66833,750183,11.02
MA,f,1990-1999,78,0.04003,0.03924,0.5,65601,2574,64314,683351,10.42
MA,f,1990-1999,79,0.04376,0.04283,0.5,63027,2699,61677,619037,9.82
MA,f,1990-1999,80,0.05063,0.04938,0.5,60327,2979,58838,557360,9.24
MA,f,1990-1999,81,0.05592,0.05440,0.5,57348,3120,55789,498522,8.69
MA,f,1990-1999,82,0.06288,0.06096,0.5,54229,3306,52576,442734,8.16
MA,f,1990-1999,83,0.06870,0.06642,0.5,50923,3382,49232,390158,7.66
MA,f,1990-1999,84,0.07741,0.07453,0.5,47541,3543,45769,340926,7.17
MA,f,1990-1999,85,0.08514,0.08166,0.5,43998,3593,42201,295157,6.71
MA,f,1990-1999,86,0.09589,0.09150,0.5,40405,3697,38556,252956,6.26
MA,f,1990-1999,87,0.10791,0.10239,0.5,36708,3758,34828,214400,5.84
MA,f,1990-1999,88,0.11880,0.11214,0.5,32949,3695,31102,179571,5.45
MA,f,1990-1999,89,0.13225,0.12404,0.5,29254,3629,27440,148470,5.08
MA,f,1990-1999,90,0.14808,0.13787,0.5,25625,3533,23859,121030,4.72
MA,f,1990-1999,91,0.16548,0.15284,0.5,22092,3377,20404,97171,4.40
MA,f,1990-1999,92,0.17901,0.16431,0.5,18716,3075,17178,76767,4.10
MA,f,1990-1999,93,0.20146,0.18303,0.5,15641,2863,14209,59588,3.81
MA,f,1990-1999,94,0.22179,0.19965,0.5,12778,2551,11503,45379,3.55
MA,f,1990-1999,95,0.24354,0.21711,0.5,10227,2220,9117,33876,3.31
MA,f,1990-1999,96,0.26670,0.23532,0.5,8007,1884,7065,24759,3.09
MA,f,1990-1999,97,0.29121,0.25420,0.5,6123,1556,5344,17695,2.89
MA,f,1990-1999,98,0.31700,0.27363,0.5,4566,1249,3941,12350,2.70
MA,f,1990-1999,99,0.34396,0.29349,0.5,3317,973,2830,8409,2.54
MA,f,1990-1999,100,0.37197,0.31364,0.5,2343,735,1976,5579,2.38
MA,f,1990-1999,101,0.40086,0.33393,0.5,1608,537,1340,3603,2.24
MA,f,1990-1999,102,0.43047,0.35422,0.5,1071,379,882,2263,2.11
MA,f,1990-1999,103,0.46057,0.37436,0.5,692,259,562,1382,2.00
MA,f,1990-1999,104,0.49097,0.39420,0.5,433,171,348,819,1.89
MA,f,1990-1999,105,0.52143,0.41360,0.5,262,108,208,472,1.80
MA,f,1990-1999,106,0.55174,0.43244,0.5,154,66,121,264,1.72
MA,f,1990-1999,107,0.58167,0.45061,0.5,87,39,68,143,1.64
MA,f,1990-1999,108,0.61100,0.46802,0.5,48,22,37,76,1.58
MA,f,1990-1999,109,0.63956,0.48459,0.5,26,12,19,39,1.53
MA,f,1990-1999,110+,0.66716,1.00000,1.5,13,13,20,20,1.50
MA,f,2000-2009,0,0.00454,0.00452,0.07,100000,452,99577,8140647,81.41
MA,f,2000-2009,1,0.00022,0.00022,0.5,99548,21,99537,8041069,80.78
MA,f,2000-2009,2,0.00014,0.00014,0.5,99526,14,99520,7941532,79.79
MA,f,2000-2009,3,0.00012,0.00012,0.5,99513,12,99507,7842013,78.80
MA,f,2000-2009,4,0.00011,0.00011,0.5,99501,11,99495,7742506,77.81
MA,f,2000-2009,5,0.00011,0.00011,0.5,99490,11,99484,7643011,76.82
MA,f,2000-2009,6,0.00009,0.00009,0.5,99479,9,99474,7543526,75.83
MA,f,2000-2009,7,0.00008,0.00008,0.5,99470,8,99466,7444052,74.84
MA,f,2000-2009,8,0.00007,0.00007,0.5,99462,7,99458,7344586,73.84
MA,f,2000-2009,9,0.00009,0.00009,0.5,99455,9,99451,7245128,72.85
MA,f,2000-2009,10,0.00009,0.00009,0.5,99446,8,99442,7145678,71.85
MA,f,2000-2009,11,0.00007,0.00007,0.5,99438,7,99434,7046236,70.86
MA,f,2000-2009,12,0.00012,0.00012,0.5,99431,12,99425,6946801,69.87
MA,f,2000-2009,13,0.00012,0.00012,0.5,99419,12,99413,6847376,68.87
MA,f,2000-2009,14,0.00011,0.00011,0.5,99407,11,99401,6747963,67.88
MA,f,2000-2009,15,0.00014,0.00014,0.5,99396,14,99389,6648562,66.89
MA,f,2000-2009,16,0.00019,0.00019,0.5,99381,19,99372,6549173,65.90
MA,f,2000-2009,17,0.00027,0.00027,0.5,99362,27,99349,6449801,64.91
MA,f,2000-2009,18,0.00025,0.00025,0.5,99335,24,99323,6350453,63.93
MA,f,2000-2009,19,0.00024,0.00024,0.5,99311,24,99299,6251130,62.95
MA,f,2000-2009,20,0.00032,0.00032,0.5,99287,32,99271,6151831,61.96
MA,f,2000-2009,21,0.00032,0.00032,0.5,99256,32,99240,6052559,60.98
MA,f,2000-2009,22,0.00030,0.00030,0.5,99224,30,99209,5953320,60.00
MA,f,2000-2009,23,0.00039,0.00039,0.5,99194,39,99175,5854110,59.02
MA,f,2000-2009,24,0.00038,0.00038,0.5,99156,38,99137,5754935,58.04
MA,f,2000-2009,25,0.00037,0.00037,0.5,99118,37,99099,5655799,57.06
MA,f,2000-2009,26,0.00035,0.00035,0.5,99080,35,99063,5556700,56.08
MA,f,2000-2009,27,0.00041,0.00041,0.5,99046,40,99026,5457637,55.10
MA,f,2000-2009,28,0.00037,0.00037,0.5,99006,36,98987,5358611,54.12
MA,f,2000-2009,29,0.00043,0.00043,0.5,98969,42,98948,5259623,53.14
MA,f,2000-2009,30,0.00044,0.00044,0.5,98927,43,98905,5160675,52.17
MA,f,2000-2009,31,0.00047,0.00047,0.5,98884,46,98861,5061770,51.19
MA,f,2000-2009,32,0.00056,0.00056,0.5,98838,56,98810,4962909,50.21
MA,f,2000-2009,33,0.00059,0.00059,0.5,98782,58,98753,4864099,49.24
MA,f,2000-2009,34,0.00062,0.00062,0.5,98724,61,98693,4765346,48.27
MA,f,2000-2009,35,0.00068,0.00068,0.5,98663,67,98629,4666652,47.30
MA,f,2000-2009,36,0.00076,0.00076,0.5,98596,75,98558,4568023,46.33
MA,f,2000-2009,37,0.00088,0.00088,0.5,98520,87,98477,4469465,45.37
MA,f,2000-2009,38,0.00092,0.00092,0.5,98434,91,98388,4370988,44.41
MA,f,2000-2009,39,0.00102,0.00102,0.5,98343,100,98293,4272599,43.45
MA,f,2000-2009,40,0.00116,0.00116,0.5,98243,114,98186,4174307,42.49
MA,f,2000-2009,41,0.00125,0.00125,0.5,98129,123,98068,4076121,41.54
MA,f,2000-2009,42,0.00135,0.00135,0.5,98006,132,97940,3978053,40.59
MA,f,2000-2009,43,0.00149,0.00149,0.5,97874,146,97801,3880113,39.64
MA,f,2000-2009,44,0.00163,0.00163,0.5,97728,160,97649,3782312,38.70
MA,f,2000-2009,45,0.00182,0.00181,0.5,97569,177,97480,3684663,37.76
MA,f,2000-2009,46,0.00189,0.00189,0.5,97392,184,97300,3587183,36.83
MA,f,2000-2009,47,0.00208,0.00208,0.5,97208,202,97107,3489883,35.90
MA,f,2000-2009,48,0.00229,0.00229,0.5,97006,222,96895,3392776,34.97
MA,f,2000-2009,49,0.00241,0.00241,0.5,96784,233,96668,3295880,34.05
MA,f,2000-2009,50,0.00266,0.00266,0.5,96551,256,96423,3199213,33.13
MA,f,2000-2009,51,0.00270,0.00269,0.5,96295,259,96165,3102789,32.22
MA,f,2000-2009,52,0.00306,0.00305,0.5,96036,293,95889,3006624,31.31
MA,f,2000-2009,53,0.00335,0.00334,0.5,95742,320,95582,2910735,30.40
MA,f,2000-2009,54,0.00354,0.00353,0.5,95422,337,95254,2815153,29.50
MA,f,2000-2009,55,0.00399,0.00398,0.5,95085,379,94896,2719899,28.60
MA,f,2000-2009,56,0.00419,0.00418,0.5,94706,396,94509,2625004,27.72
MA,f,2000-2009,57,0.00462,0.00461,0.5,94311,435,94093,2530495,26.83
MA,f,2000-2009,58,0.00513,0.00511,0.5,93876,480,93636,2436402,25.95
MA,f,2000-2009,59,0.00572,0.00570,0.5,93396,532,93130,2342766,25.08
MA,f,2000-2009,60,0.00620,0.00618,0.5,92863,574,92576,2249636,24.23
MA,f,2000-2009,61,0.00677,0.00675,0.5,92289,623,91978,2157060,23.37
MA,f,2000-2009,62,0.00765,0.00762,0.5,91667,698,91318,2065082,22.53
MA,f,2000-2009,63,0.00859,0.00855,0.5,90969,778,90580,1973764,21.70
MA,f,2000-2009,64,0.00944,0.00940,0.5,90191,847,89767,1883185,20.88
MA,f,2000-2009,65,0.00998,0.00993,0.5,89343,887,88900,1793418,20.07
MA,f,2000-2009,66,0.01115,0.01109,0.5,88456,981,87966,1704518,19.27
MA,f,2000-2009,67,0.01221,0.01214,0.5,87475,1062,86944,1616553,18.48
MA,f,2000-2009,68,0.01367,0.01357,0.5,86413,1173,85827,1529608,17.70
MA,f,2000-2009,69,0.01485,0.01474,0.5,85240,1257,84612,1443781,16.94
MA,f,2000-2009,70,0.01681,0.01667,0.5,83984,1400,83284,1359169,16.18
MA,f,2000-2009,71,0.01816,0.01799,0.5,82584,1486,81841,1275885,15.45
MA,f,2000-2009,72,0.02007,0.01987,0.5,81098,1611,80292,1194044,14.72
MA,f,2000-2009,73,0.02180,0.02157,0.5,79487,1714,78629,1113752,14.01
MA,f,2000-2009,74,0.02422,0.02393,0.5,77772,1861,76842,1035123,13.31
MA,f,2000-2009,75,0.02707,0.02671,0.5,75911,2027,74897,958281,12.62
MA,f,2000-2009,76,0.03018,0.02973,0.5,73884,2197,72785,883384,11.96
MA,f,2000-2009,77,0.03268,0.03216,0.5,71687,2305,70534,810599,11.31
MA,f,2000-2009,78,0.03573,0.03510,0.5,69382,2435,68164,740065,10.67
MA,f,2000-2009,79,0.03934,0.03858,0.5,66946,2583,65655,671901,10.04
MA,f,2000-2009,80,0.04516,0.04416,0.5,64364,2843,62942,606246,9.42
MA,f,2000-2009,81,0.05030,0.04906,0.5,61521,3018,60012,543304,8.83
MA,f,2000-2009,82,0.05778,0.05616,0.5,58503,3285,56860,483292,8.26
MA,f,2000-2009,83,0.06356,0.06160,0.5,55217,3402,53517,426432,7.72
MA,f,2000-2009,84,0.07345,0.07085,0.5,51816,3671,49980,372915,7.20
MA,f,2000-2009,85,0.08092,0.07777,0.5,48145,3744,46272,322935,6.71
MA,f,2000-2009,86,0.09268,0.08857,0.5,44400,3933,42434,276663,6.23
MA,f,2000-2009,87,0.10462,0.09942,0.5,40468,4023,38456,234229,5.79
MA,f,2000-2009,88,0.11611,0.10974,0.5,36444,3999,34445,195773,5.37
MA,f,2000-2009,89,0.13306,0.12476,0.5,32445,4048,30421,161328,4.97
MA,f,2000-2009,90,0.15031,0.13980,0.5,28397,3970,26412,130907,4.61
MA,f,2000-2009,91,0.16674,0.15391,0.5,24427,3760,22547,104495,4.28
MA,f,2000-2009,92,0.18256,0.16729,0.5,20668,3458,18939,81948,3.97
MA,f,2000-2009,93,0.21130,0.19111,0.5,17210,3289,15566,63009,3.66
MA,f,2000-2009,94,0.22993,0.20623,0.5,13921,2871,12486,47443,3.41
MA,f,2000-2009,95,0.25439,0.22568,0.5,11050,2494,9803,34958,3.16
MA,f,2000-2009,96,0.28050,0.24600,0.5,8556,2105,7504,25154,2.94
MA,f,2000-2009,97,0.30817,0.26703,0.5,6452,1723,5590,17650,2.74
MA,f,2000-2009,98,0.33730,0.28863,0.5,4729,1365,4046,12060,2.55
MA,f,2000-2009,99,0.36772,0.31061,0.5,3364,1045,2842,8014,2.38
MA,f,2000-2009,100,0.39923,0.33280,0.5,2319,772,1933,5172,2.23
MA,f,2000-2009,101,0.43160,0.35499,0.5,1547,549,1273,3239,2.09
MA,f,2000-2009,102,0.46456,0.37699,0.5,998,376,810,1966,1.97
MA,f,2000-2009,103,0.49784,0.39861,0.5,622,248,498,1157,1.86
MA,f,2000-2009,104,0.53113,0.41968,0.5,374,157,295,659,1.76
MA,f,2000-2009,105,0.56415,0.44003,0.5,217,95,169,363,1.67
MA,f,2000-2009,106,0.59661,0.45953,0.5,122,56,94,194,1.60
MA,f,2000-2009,107,0.62825,0.47807,0.5,66,31,50,100,1.53
MA,f,2000-2009,108,0.65882,0.49557,0.5,34,17,26,50,1.47
MA,f,2000-2009,109,0.68813,0.51197,0.5,17,9,13,25,1.43
MA,f,2000-2009,110+,0.71600,1.00000,1.4,8,8,12,12,1.40
MA,f,2010-2017,0,0.00368,0.00366,0.06,100000,366,99657,8290824,82.91
MA,f,2010-2017,1,0.00021,0.00021,0.5,99634,21,99623,8191167,82.21
MA,f,2010-2017,2,0.00015,0.00015,0.5,99612,15,99605,8091544,81.23
MA,f,2010-2017,3,0.00014,0.00014,0.5,99597,14,99590,7991940,80.24
MA,f,2010-2017,4,0.00010,0.00010,0.5,99583,10,99578,7892349,79.25
MA,f,2010-2017,5,0.00009,0.00009,0.5,99573,9,99568,7792771,78.26
MA,f,2010-2017,6,0.00007,0.00007,0.5,99564,7,99560,7693203,77.27
MA,f,2010-2017,7,0.00006,0.00006,0.5,99557,6,99554,7593642,76.27
MA,f,2010-2017,8,0.00007,0.00007,0.5,99551,7,99547,7494089,75.28
MA,f,2010-2017,9,0.00009,0.00009,0.5,99543,9,99539,7394542,74.28
MA,f,2010-2017,10,0.00007,0.00007,0.5,99535,7,99531,7295003,73.29
MA,f,2010-2017,11,0.00006,0.00006,0.5,99527,6,99524,7195472,72.30
MA,f,2010-2017,12,0.00009,0.00009,0.5,99521,9,99517,7095947,71.30
MA,f,2010-2017,13,0.00006,0.00006,0.5,99513,6,99510,6996430,70.31
MA,f,2010-2017,14,0.00010,0.00010,0.5,99506,10,99502,6896921,69.31
MA,f,2010-2017,15,0.00015,0.00015,0.5,99497,15,99489,6797419,68.32
MA,f,2010-2017,16,0.00018,0.00018,0.5,99482,18,99473,6697930,67.33
MA,f,2010-2017,17,0.00017,0.00017,0.5,99464,17,99455,6598457,66.34
MA,f,2010-2017,18,0.00019,0.00019,0.5,99447,19,99437,6499002,65.35
MA,f,2010-2017,19,0.00018,0.00018,0.5,99428,17,99419,6399564,64.36
MA,f,2010-2017,20,0.00025,0.00025,0.5,99410,25,99398,6300145,63.38
MA,f,2010-2017,21,0.00031,0.00031,0.5,99385,31,99370,6200748,62.39
MA,f,2010-2017,22,0.00041,0.00041,0.5,99354,41,99334,6101378,61.41
MA,f,2010-2017,23,0.00040,0.00040,0.5,99313,40,99293,6002044,60.44
MA,f,2010-2017,24,0.00044,0.00044,0.5,99273,44,99251,5902751,59.46
MA,f,2010-2017,25,0.00044,0.00044,0.5,99229,43,99208,5803500,58.49
MA,f,2010-2017,26,0.00049,0.00049,0.5,99186,49,99162,5704292,57.51
MA,f,2010-2017,27,0.00044,0.00044,0.5,99137,44,99115,5605130,56.54
MA,f,2010-2017,28,0.00052,0.00052,0.5,99094,52,99068,5506015,55.56
MA,f,2010-2017,29,0.00059,0.00059,0.5,99042,59,99013,5406947,54.59
MA,f,2010-2017,30,0.00054,0.00054,0.5,98983,54,98957,5307934,53.62
MA,f,2010-2017,31,0.00067,0.00067,0.5,98930,66,98897,5208978,52.65
MA,f,2010-2017,32,0.00066,0.00066,0.5,98863,66,98831,5110081,51.69
MA,f,2010-2017,33,0.00063,0.00063,0.5,98798,63,98766,5011251,50.72
MA,f,2010-2017,34,0.00074,0.00074,0.5,98735,73,98699,4912484,49.75
MA,f,2010-2017,35,0.00082,0.00082,0.5,98662,81,98622,4813786,48.79
MA,f,2010-2017,36,0.00080,0.00080,0.5,98581,79,98542,4715164,47.83
MA,f,2010-2017,37,0.00083,0.00083,0.5,98502,82,98461,4616622,46.87
MA,f,2010-2017,38,0.00087,0.00087,0.5,98420,85,98378,4518161,45.91
MA,f,2010-2017,39,0.00095,0.00095,0.5,98335,94,98288,4419783,44.95
MA,f,2010-2017,40,0.00113,0.00113,0.5,98241,111,98186,4321495,43.99
MA,f,2010-2017,41,0.00110,0.00110,0.5,98131,108,98076,4223309,43.04
MA,f,2010-2017,42,0.00124,0.00124,0.5,98022,122,97961,4125233,42.08
MA,f,2010-2017,43,0.00131,0.00131,0.5,97900,128,97836,4027272,41.14
MA,f,2010-2017,44,0.00144,0.00144,0.5,97772,140,97702,3929435,40.19
MA,f,2010-2017,45,0.00151,0.00151,0.5,97632,148,97558,3831733,39.25
MA,f,2010-2017,46,0.00169,0.00168,0.5,97484,164,97402,3734175,38.31
MA,f,2010-2017,47,0.00188,0.00188,0.5,97320,183,97228,3636773,37.37
MA,f,2010-2017,48,0.00198,0.00198,0.5,97137,192,97041,3539544,36.44
MA,f,2010-2017,49,0.00205,0.00205,0.5,96945,198,96846,3442504,35.51
MA,f,2010-2017,50,0.00245,0.00245,0.5,96747,237,96628,3345658,34.58
MA,f,2010-2017,51,0.00261,0.00261,0.5,96509,252,96384,3249030,33.67
MA,f,2010-2017,52,0.00286,0.00286,0.5,96258,275,96120,3152646,32.75
MA,f,2010-2017,53,0.00286,0.00286,0.5,95983,274,95846,3056526,31.84
MA,f,2010-2017,54,0.00331,0.00331,0.5,95708,316,95550,2960680,30.93
MA,f,2010-2017,55,0.00353,0.00352,0.5,95392,336,95224,2865130,30.04
MA,f,2010-2017,56,0.00396,0.00396,0.5,95056,376,94868,2769906,29.14
MA,f,2010-2017,57,0.00416,0.00415,0.5,94680,393,94484,2675038,28.25
MA,f,2010-2017,58,0.00447,0.00446,0.5,94287,421,94077,2580554,27.37
MA,f,2010-2017,59,0.00483,0.00482,0.5,93866,452,93640,2486477,26.49
MA,f,2010-2017,60,0.00499,0.00498,0.5,93414,465,93182,2392837,25.62
MA,f,2010-2017,61,0.00536,0.00534,0.5,92949,497,92700,2299655,24.74
MA,f,2010-2017,62,0.00617,0.00615,0.5,92452,569,92168,2206955,23.87
MA,f,2010-2017,63,0.00668,0.00666,0.5,91883,612,91577,2114787,23.02
MA,f,2010-2017,64,0.00732,0.00729,0.5,91271,665,90939,2023210,22.17
MA,f,2010-2017,65,0.00804,0.00801,0.5,90606,725,90243,1932271,21.33
MA,f,2010-2017,66,0.00888,0.00884,0.5,89881,795,89483,1842028,20.49
MA,f,2010-2017,67,0.00959,0.00954,0.5,89086,850,88661,1752545,19.67
MA,f,2010-2017,68,0.01096,0.01090,0.5,88236,961,87755,1663884,18.86
MA,f,2010-2017,69,0.01216,0.01208,0.5,87275,1055,86747,1576128,18.06
MA,f,2010-2017,70,0.01350,0.01341,0.5,86220,1156,85642,1489381,17.27
MA,f,2010-2017,71,0.01456,0.01445,0.5,85064,1229,84449,1403739,16.50
MA,f,2010-2017,72,0.01645,0.01632,0.5,83835,1368,83151,1319290,15.74
MA,f,2010-2017,73,0.01778,0.01762,0.5,82467,1453,81740,1236139,14.99
MA,f,2010-2017,74,0.02016,0.01996,0.5,81013,1617,80205,1154399,14.25
MA,f,2010-2017,75,0.02234,0.02209,0.5,79396,1754,78519,1074194,13.53
MA,f,2010-2017,76,0.02470,0.02440,0.5,77642,1894,76695,995675,12.82
MA,f,2010-2017,77,0.02794,0.02756,0.5,75748,2087,74704,918979,12.13
MA,f,2010-2017,78,0.03059,0.03013,0.5,73661,2219,72551,844275,11.46
MA,f,2010-2017,79,0.03429,0.03371,0.5,71442,2408,70237,771724,10.80
MA,f,2010-2017,80,0.03823,0.03752,0.5,69033,2590,67738,701486,10.16
MA,f,2010-2017,81,0.04339,0.04247,0.5,66443,2822,65032,633748,9.54
MA,f,2010-2017,82,0.04981,0.04860,0.5,63621,3092,62075,568716,8.94
MA,f,2010-2017,83,0.05508,0.05360,0.5,60529,3244,58907,506640,8.37
MA,f,2010-2017,84,0.06207,0.06020,0.5,57285,3449,55561,447733,7.82
MA,f,2010-2017,85,0.06894,0.06664,0.5,53836,3588,52043,392172,7.28
MA,f,2010-2017,86,0.07778,0.07487,0.5,50249,3762,48368,340130,6.77
MA,f,2010-2017,87,0.09013,0.08625,0.5,46487,4009,44482,291762,6.28
MA,f,2010-2017,88,0.10068,0.09585,0.5,42477,4072,40441,247280,5.82
MA,f,2010-2017,89,0.11459,0.10838,0.5,38406,4163,36324,206839,5.39
MA,f,2010-2017,90,0.13030,0.12233,0.5,34243,4189,32149,170514,4.98
MA,f,2010-2017,91,0.14876,0.13846,0.5,30054,4161,27973,138366,4.60
MA,f,2010-2017,92,0.16626,0.15350,0.5,25893,3975,23906,110392,4.26
MA,f,2010-2017,93,0.18678,0.17082,0.5,21918,3744,20046,86487,3.95
MA,f,2010-2017,94,0.20720,0.18775,0.5,18174,3412,16468,66441,3.66
MA,f,2010-2017,95,0.23061,0.20677,0.5,14762,3052,13236,49973,3.39
MA,f,2010-2017,96,0.25582,0.22681,0.5,11710,2656,10382,36737,3.14
MA,f,2010-2017,97,0.28278,0.24775,0.5,9054,2243,7932,26355,2.91
MA,f,2010-2017,98,0.31138,0.26943,0.5,6811,1835,5893,18423,2.71
MA,f,2010-2017,99,0.34150,0.29169,0.5,4976,1451,4250,12530,2.52
MA,f,2010-2017,100,0.37296,0.31434,0.5,3524,1108,2970,8280,2.35
MA,f,2010-2017,101,0.40552,0.33716,0.5,2416,815,2009,5310,2.20
MA,f,2010-2017,102,0.43895,0.35995,0.5,1602,577,1313,3300,2.06
MA,f,2010-2017,103,0.47293,0.38249,0.5,1025,392,829,1987,1.94
MA,f,2010-2017,104,0.50717,0.40457,0.5,633,256,505,1158,1.83
MA,f,2010-2017,105,0.54134,0.42603,0.5,377,161,297,653,1.73
MA,f,2010-2017,106,0.57512,0.44668,0.5,216,97,168,356,1.65
MA,f,2010-2017,107,0.60822,0.46639,0.5,120,56,92,188,1.57
MA,f,2010-2017,108,0.64036,0.48505,0.5,64,31,48,96,1.51
MA,f,2010-2017,109,0.67128,0.50259,0.5,33,17,25,48,1.46
MA,f,2010-2017,110+,0.70078,1.00000,1.43,16,16,23,23,1.43
