PopName,Sex,Year,Age,mx,qx,ax,lx,dx,Lx,Tx,ex
MA,f,1960-1969,0,0.01786,0.01758,0.1,100000,1758,98424,7463876,74.64
MA,f,1960-1969,1-4,0.00063,0.00252,1.65,98242,248,392387,7365452,74.97
MA,f,1960-1969,5-9,0.00032,0.00161,2.26,97995,158,489543,6973066,71.16
MA,f,1960-1969,10-14,0.00024,0.00119,2.5,97837,116,488895,6483523,66.27
MA,f,1960-1969,15-19,0.00039,0.00195,2.65,97721,191,488156,5994627,61.34
MA,f,1960-1969,20-24,0.00051,0.00257,2.61,97530,250,487052,5506471,56.46
MA,f,1960-1969,25-29,0.00063,0.00315,2.56,97280,306,485652,5019419,51.60
MA,f,1960-1969,30-34,0.00097,0.00484,2.67,96974,469,483774,4533766,46.75
MA,f,1960-1969,35-39,0.00148,0.00736,2.69,96504,710,480883,4049992,41.97
MA,f,1960-1969,40-44,0.00241,0.01200,2.69,95794,1149,476321,3569109,37.26
MA,f,1960-1969,45-49,0.00383,0.01897,2.67,94645,1795,469038,3092788,32.68
MA,f,1960-1969,50-54,0.00591,0.02913,2.65,92850,2704,457891,2623750,28.26
MA,f,1960-1969,55-59,0.00881,0.04315,2.65,90145,3890,441601,2165859,24.03
MA,f,1960-1969,60-64,0.01347,0.06531,2.66,86255,5633,418106,1724258,19.99
MA,f,1960-1969,65-69,0.02175,0.10340,2.63,80622,8337,383353,1306153,16.20
MA,f,1960-1969,70-74,0.03613,0.16647,2.64,72285,12033,333026,922800,12.77
MA,f,1960-1969,75-79,0.05775,0.25316,2.57,60252,15254,264143,589773,9.79
MA,f,1960-1969,80-84,0.09656,0.38899,2.5,44998,17504,181281,325630,7.24
MA,f,1960-1969,85-89,0.15522,0.55027,2.36,27494,15129,97471,144349,5.25
MA,f,1960-1969,90-94,0.23812,0.71183,2.18,12365,8802,36964,46878,3.79
MA,f,1960-1969,95-99,0.34312,0.83804,1.95,3563,2986,8703,9914,2.78
MA,f,1960-1969,100-104,0.46793,0.91901,1.7,577,530,1133,1211,2.10
MA,f,1960-1969,105-109,0.59756,0.96071,1.47,47,45,75,78,1.66
MA,f,1960-1969,110+,0.69929,1.00000,1.43,2,2,3,3,1.43
MA,f,1970-1979,0,0.01184,0.01171,0.09,100000,1171,98930,7702391,77.02
MA,f,1970-1979,1-4,0.00048,0.00193,1.64,98829,190,394866,7603461,76.94
MA,f,1970-1979,5-9,0.00024,0.00118,2.26,98638,117,492872,7208595,73.08
MA,f,1970-1979,10-14,0.00022,0.00110,2.7,98522,109,492358,6715723,68.16
MA,f,1970-1979,15-19,0.00045,0.00226,2.69,98413,222,491552,6223365,63.24
MA,f,1970-1979,20-24,0.00048,0.00242,2.48,98191,237,490357,5731812,58.37
MA,f,1970-1979,25-29,0.00058,0.00289,2.61,97954,283,489091,5241456,53.51
MA,f,1970-1979,30-34,0.00078,0.00388,2.69,97670,379,487476,4752365,48.66
MA,f,1970-1979,35-39,0.00122,0.00608,2.66,97291,591,485076,4264889,43.84
MA,f,1970-1979,40-44,0.00206,0.01027,2.71,96700,993,481231,3779813,39.09
MA,f,1970-1979,45-49,0.00345,0.01710,2.66,95707,1637,474710,3298582,34.47
MA,f,1970-1979,50-54,0.00505,0.02496,2.67,94070,2348,464885,2823872,30.02
MA,f,1970-1979,55-59,0.00773,0.03794,2.65,91723,3480,450420,2358987,25.72
MA,f,1970-1979,60-64,0.01176,0.05721,2.63,88243,5048,429236,1908567,21.63
MA,f,1970-1979,65-69,0.01792,0.08595,2.63,83195,7150,399022,1479331,17.78
MA,f,1970-1979,70-74,0.02840,0.13309,2.65,76044,10121,356403,1080309,14.21
MA,f,1970-1979,75-79,0.04760,0.21379,2.62,65924,14094,296063,723905,10.98
MA,f,1970-1979,80-84,0.07829,0.32861,2.56,51830,17032,217542,427842,8.25
MA,f,1970-1979,85-89,0.12771,0.48023,2.42,34798,16711,130848,210300,6.04
MA,f,1970-1979,90-94,0.19700,0.64077,2.27,18087,11590,58832,79452,4.39
MA,f,1970-1979,95-99,0.29474,0.78865,2.05,6497,5124,17386,20620,3.17
MA,f,1970-1979,100-104,0.41317,0.89016,1.8,1373,1222,2959,3234,2.36
MA,f,1970-1979,105-109,0.54283,0.94668,1.56,151,143,263,275,1.83
MA,f,1970-1979,110+,0.64827,1.00000,1.54,8,8,12,12,1.54
MA,f,1980-1989,0,0.00792,0.00786,0.08,100000,786,99273,7884118,78.84
MA,f,1980-1989,1-4,0.00034,0.00137,1.56,99214,136,396525,7784845,78.47
MA,f,1980-1989,5-9,0.00015,0.00076,2.39,99078,76,495193,7388320,74.57
MA,f,1980-1989,10-14,0.00017,0.00085,2.52,99002,84,494803,6893127,69.63
MA,f,1980-1989,15-19,0.00034,0.00169,2.64,98918,167,494197,6398324,64.68
MA,f,1980-1989,20-24,0.00039,0.00194,2.49,98751,192,493274,5904127,59.79
MA,f,1980-1989,25-29,0.00044,0.00222,2.58,98559,219,492266,5410853,54.90
MA,f,1980-1989,30-34,0.00064,0.00319,2.63,98340,314,490960,4918587,50.02
MA,f,1980-1989,35-39,0.00094,0.00467,2.63,98027,458,489048,4427627,45.17
MA,f,1980-1989,40-44,0.00153,0.00763,2.66,97569,744,486101,3938579,40.37
MA,f,1980-1989,45-49,0.00269,0.01336,2.71,96825,1293,481165,3452478,35.66
MA,f,1980-1989,50-54,0.00439,0.02171,2.66,95532,2074,472808,2971314,31.10
MA,f,1980-1989,55-59,0.00678,0.03340,2.68,93457,3121,460047,2498506,26.73
MA,f,1980-1989,60-64,0.01070,0.05219,2.64,90336,4715,440536,2038458,22.57
MA,f,1980-1989,65-69,0.01669,0.08031,2.65,85621,6876,411958,1597922,18.66
MA,f,1980-1989,70-74,0.02577,0.12140,2.62,78745,9560,370935,1185964,15.06
MA,f,1980-1989,75-79,0.04033,0.18395,2.62,69185,12727,315602,815029,11.78
MA,f,1980-1989,80-84,0.06806,0.29229,2.59,56458,16502,242455,499427,8.85
MA,f,1980-1989,85-89,0.11465,0.44403,2.46,39956,17742,154746,256972,6.43
MA,f,1980-1989,90-94,0.18459,0.61661,2.31,22214,13698,74204,102226,4.60
MA,f,1980-1989,95-99,0.28166,0.77380,2.09,8517,6590,23398,28022,3.29
MA,f,1980-1989,100-104,0.40427,0.88530,1.83,1926,1706,4219,4624,2.40
MA,f,1980-1989,105-109,0.54034,0.94637,1.57,221,209,387,405,1.83
MA,f,1980-1989,110+,0.65137,1.00000,1.54,12,12,18,18,1.54
MA,f,1990-1999,0,0.00548,0.00546,0.07,100000,546,99492,8024110,80.24
MA,f,1990-1999,1-4,0.00024,0.00094,1.59,99454,94,397591,7924619,79.68
MA,f,1990-1999,5-9,0.00010,0.00048,2.41,99361,48,496678,7527028,75.75
MA,f,1990-1999,10-14,0.00012,0.00060,2.63,99312,60,496421,7030350,70.79
MA,f,1990-1999,15-19,0.00030,0.00148,2.57,99253,147,495907,6533929,65.83
MA,f,1990-1999,20-24,0.00030,0.00149,2.57,99106,148,495171,6038022,60.92
MA,f,1990-1999,25-29,0.00039,0.00197,2.73,98958,195,494350,5542851,56.01
MA,f,1990-1999,30-34,0.00067,0.00334,2.63,98763,329,493035,5048500,51.12
MA,f,1990-1999,35-39,0.00096,0.00479,2.6,98434,471,491039,4555465,46.28
MA,f,1990-1999,40-44,0.00140,0.00698,2.63,97963,684,488191,4064426,41.49
MA,f,1990-1999,45-49,0.00217,0.01079,2.63,97279,1050,483903,3576235,36.76
MA,f,1990-1999,50-54,0.00355,0.01761,2.69,96229,1694,477225,3092332,32.14
MA,f,1990-1999,55-59,0.00588,0.02902,2.66,94535,2743,466258,2615107,27.66
MA,f,1990-1999,60-64,0.00947,0.04635,2.66,91792,4254,449020,2148849,23.41
MA,f,1990-1999,65-69,0.01462,0.07066,2.65,87538,6186,423143,1699829,19.42
MA,f,1990-1999,70-74,0.02294,0.10883,2.64,81352,8853,385878,1276686,15.69
MA,f,1990-1999,75-79,0.03650,0.16788,2.61,72498,12171,333448,890808,12.29
MA,f,1990-1999,80-84,0.06228,0.27069,2.59,60327,16330,262203,557360,9.24
MA,f,1990-1999,85-89,0.10551,0.41757,2.5,43998,18372,174127,295157,6.71
MA,f,1990-1999,90-94,0.17668,0.60091,2.34,25625,15399,87154,121030,4.72
MA,f,1990-1999,95-99,0.27860,0.77087,2.1,10227,7884,28297,33876,3.31
MA,f,1990-1999,100-104,0.40750,0.88811,1.82,2343,2081,5107,5579,2.38
MA,f,1990-1999,105-109,0.55084,0.94987,1.55,262,249,452,472,1.80
MA,f,1990-1999,110+,0.66716,1.00000,1.5,13,13,20,20,1.50
MA,f,2000-2009,0,0.00454,0.00452,0.07,100000,452,99577,8140647,81.41
MA,f,2000-2009,1-4,0.00015,0.00058,1.72,99548,58,398059,8041069,80.78
MA,f,2000-2009,5-9,0.00009,0.00044,2.34,99490,43,497333,7643011,76.82
MA,f,2000-2009,10-14,0.00010,0.00051,2.71,99446,51,497116,7145678,71.85
MA,f,2000-2009,15-19,0.00022,0.00109,2.72,99396,109,496731,6648562,66.89
MA,f,2000-2009,20-24,0.00034,0.00171,2.62,99287,170,496032,6151831,61.96
MA,f,2000-2009,25-29,0.00038,0.00192,2.56,99118,191,495124,5655799,57.06
MA,f,2000-2009,30-34,0.00053,0.00267,2.68,98927,264,494023,5160675,52.17
MA,f,2000-2009,35-39,0.00085,0.00426,2.69,98663,420,492346,4666652,47.30
MA,f,2000-2009,40-44,0.00138,0.00686,2.67,98243,674,489644,4174307,42.49
MA,f,2000-2009,45-49,0.00210,0.01043,2.65,97569,1017,485450,3684663,37.76
MA,f,2000-2009,50-54,0.00306,0.01519,2.65,96551,1466,479313,3199213,33.13
MA,f,2000-2009,55-59,0.00472,0.02336,2.68,95085,2222,470263,2719899,28.60
MA,f,2000-2009,60-64,0.00772,0.03791,2.7,92863,3520,456219,2249636,24.23
MA,f,2000-2009,65-69,0.01234,0.05999,2.67,89343,5359,434249,1793418,20.07
MA,f,2000-2009,70-74,0.02014,0.09612,2.64,83984,8073,400888,1359169,16.18
MA,f,2000-2009,75-79,0.03280,0.15212,2.62,75911,11548,352035,958281,12.62
MA,f,2000-2009,80-84,0.05725,0.25199,2.63,64364,16219,283311,606246,9.42
MA,f,2000-2009,85-89,0.10284,0.41017,2.53,48145,19747,192028,322935,6.71
MA,f,2000-2009,90-94,0.18079,0.61087,2.35,28397,17347,95950,130907,4.61
MA,f,2000-2009,95-99,0.29314,0.79013,2.08,11050,8731,29785,34958,3.16
MA,f,2000-2009,100-104,0.43711,0.90643,1.77,2319,2102,4809,5172,2.23
MA,f,2000-2009,105-109,0.59339,0.96111,1.48,217,209,351,363,1.67
MA,f,2000-2009,110+,0.71600,1.00000,1.4,8,8,12,12,1.40
MA,f,2010-2017,0,0.00368,0.00366,0.06,100000,366,99657,8290824,82.91
MA,f,2010-2017,1-4,0.00015,0.00061,1.72,99634,61,398396,8191167,82.21
MA,f,2010-2017,5-9,0.00008,0.00038,2.49,99573,38,497768,7792771,78.26
MA,f,2010-2017,10-14,0.00008,0.00038,2.64,99535,38,497584,7295003,73.29
MA,f,2010-2017,15-19,0.00017,0.00087,2.57,99497,87,497274,6797419,68.32
MA,f,2010-2017,20-24,0.00036,0.00182,2.76,99410,181,496646,6300145,63.38
MA,f,2010-2017,25-29,0.00050,0.00248,2.64,99229,246,495565,5803500,58.49
MA,f,2010-2017,30-34,0.00065,0.00325,2.61,98983,321,494149,5307934,53.62
MA,f,2010-2017,35-39,0.00085,0.00426,2.58,98662,421,492291,4813786,48.79
MA,f,2010-2017,40-44,0.00124,0.00620,2.63,98241,609,489762,4321495,43.99
MA,f,2010-2017,45-49,0.00182,0.00907,2.65,97632,885,486075,3831733,39.25
MA,f,2010-2017,50-54,0.00282,0.01400,2.63,96747,1355,480528,3345658,34.58
MA,f,2010-2017,55-59,0.00419,0.02073,2.64,95392,1978,472293,2865130,30.04
MA,f,2010-2017,60-64,0.00610,0.03006,2.68,93414,2808,460566,2392837,25.62
MA,f,2010-2017,65-69,0.00990,0.04841,2.69,90606,4386,442890,1932271,21.33
MA,f,2010-2017,70-74,0.01644,0.07914,2.67,86220,6824,415187,1489381,17.27
MA,f,2010-2017,75-79,0.02781,0.13053,2.66,79396,10363,372708,1074194,13.53
MA,f,2010-2017,80-84,0.04913,0.22014,2.64,69033,15197,309314,701486,10.16
MA,f,2010-2017,85-89,0.08839,0.36394,2.57,53836,19593,221658,392172,7.28
MA,f,2010-2017,90-94,0.16161,0.56891,2.4,34243,19481,120542,170514,4.98
MA,f,2010-2017,95-99,0.26954,0.76126,2.14,14762,11238,41693,49973,3.39
MA,f,2010-2017,100-104,0.41265,0.89304,1.82,3524,3147,7627,8280,2.35
MA,f,2010-2017,105-109,0.57281,0.95659,1.52,377,361,630,653,1.73
MA,f,2010-2017,110+,0.70078,1.00000,1.43,16,16,23,23,1.43
