PopName,Sex,Year,Age,mx,qx,ax,lx,dx,Lx,Tx,ex
NE,m,1960-1969,0,0.02364,0.02315,0.11,100000,2315,97936,6875245,68.75
NE,m,1960-1969,1-4,0.00093,0.00372,1.59,97685,363,389861,6777309,69.38
NE,m,1960-1969,5-9,0.00050,0.00251,2.35,97321,245,485957,6387448,65.63
NE,m,1960-1969,10-14,0.00052,0.00260,2.64,97077,252,484787,5901491,60.79
NE,m,1960-1969,15-19,0.00150,0.00746,2.85,96824,723,482565,5416703,55.94
NE,m,1960-1969,20-24,0.00192,0.00956,2.45,96102,919,478171,4934138,51.34
NE,m,1960-1969,25-29,0.00168,0.00835,2.53,95183,795,473950,4455967,46.81
NE,m,1960-1969,30-34,0.00184,0.00916,2.51,94389,865,469791,3982017,42.19
NE,m,1960-1969,35-39,0.00238,0.01186,2.71,93524,1109,465080,3512226,37.55
NE,m,1960-1969,40-44,0.00367,0.01819,2.66,92415,1681,458143,3047147,32.97
NE,m,1960-1969,45-49,0.00624,0.03076,2.65,90734,2791,447103,2589003,28.53
NE,m,1960-1969,50-54,0.01006,0.04916,2.66,87943,4323,429618,2141901,24.36
NE,m,1960-1969,55-59,0.01545,0.07453,2.62,83619,6232,403273,1712282,20.48
NE,m,1960-1969,60-64,0.02340,0.11075,2.59,77387,8571,366295,1309009,16.92
NE,m,1960-1969,65-69,0.03515,0.16188,2.57,68816,11140,316973,942714,13.70
NE,m,1960-1969,70-74,0.05189,0.23026,2.56,57676,13281,255934,625741,10.85
NE,m,1960-1969,75-79,0.07923,0.33034,2.49,44396,14666,185114,369807,8.33
NE,m,1960-1969,80-84,0.12225,0.46495,2.43,29730,13823,113067,184693,6.21
NE,m,1960-1969,85-89,0.19178,0.63024,2.28,15907,10025,52273,71627,4.50
NE,m,1960-1969,90-94,0.28269,0.77392,2.08,5882,4552,16102,19354,3.29
NE,m,1960-1969,95-99,0.39659,0.87928,1.84,1330,1169,2948,3251,2.45
NE,m,1960-1969,100-104,0.52304,0.94027,1.59,161,151,289,303,1.89
NE,m,1960-1969,105-109,0.64750,0.97018,1.39,10,9,14,15,1.54
NE,m,1960-1969,110+,0.74184,1.00000,1.35,0,0,0,0,1.35
NE,m,1970-1979,0,0.01708,0.01682,0.09,100000,1682,98471,7012446,70.12
NE,m,1970-1979,1-4,0.00077,0.00306,1.77,98318,301,392602,6913975,70.32
NE,m,1970-1979,5-9,0.00044,0.00221,2.44,98017,217,489528,6521373,66.53
NE,m,1970-1979,10-14,0.00050,0.00248,2.69,97800,242,488441,6031844,61.68
NE,m,1970-1979,15-19,0.00154,0.00766,2.87,97558,748,486199,5543404,56.82
NE,m,1970-1979,20-24,0.00187,0.00933,2.51,96810,903,481804,5057204,52.24
NE,m,1970-1979,25-29,0.00158,0.00785,2.48,95907,753,477633,4575401,47.71
NE,m,1970-1979,30-34,0.00156,0.00775,2.52,95154,737,473937,4097768,43.06
NE,m,1970-1979,35-39,0.00212,0.01054,2.62,94416,995,469714,3623831,38.38
NE,m,1970-1979,40-44,0.00343,0.01703,2.74,93422,1591,463520,3154117,33.76
NE,m,1970-1979,45-49,0.00551,0.02722,2.66,91831,2500,453305,2690597,29.30
NE,m,1970-1979,50-54,0.00875,0.04287,2.71,89331,3830,437868,2237291,25.04
NE,m,1970-1979,55-59,0.01436,0.06946,2.68,85502,5939,413720,1799424,21.05
NE,m,1970-1979,60-64,0.02205,0.10479,2.63,79562,8337,378062,1385703,17.42
NE,m,1970-1979,65-69,0.03306,0.15308,2.58,71225,10903,329769,1007642,14.15
NE,m,1970-1979,70-74,0.04998,0.22276,2.56,60322,13437,268833,677873,11.24
NE,m,1970-1979,75-79,0.07642,0.32139,2.53,46885,15068,197181,409040,8.72
NE,m,1970-1979,80-84,0.11207,0.43534,2.44,31817,13851,123597,211859,6.66
NE,m,1970-1979,85-89,0.17204,0.58749,2.3,17966,10555,61349,88263,4.91
NE,m,1970-1979,90-94,0.25208,0.73203,2.14,7411,5425,21522,26914,3.63
NE,m,1970-1979,95-99,0.35351,0.84596,1.92,1986,1680,4752,5392,2.72
NE,m,1970-1979,100-104,0.46987,0.91905,1.69,306,281,598,640,2.09
NE,m,1970-1979,105-109,0.59014,0.95856,1.48,25,24,40,42,1.68
NE,m,1970-1979,110+,0.68512,1.00000,1.46,1,1,1,1,1.46
NE,m,1980-1989,0,0.01056,0.01045,0.07,100000,1045,99031,7265827,72.66
NE,m,1980-1989,1-4,0.00058,0.00233,1.6,98955,230,395266,7166796,72.43
NE,m,1980-1989,5-9,0.00028,0.00142,2.45,98724,140,493266,6771530,68.59
NE,m,1980-1989,10-14,0.00032,0.00159,2.89,98584,156,492592,6278264,63.68
NE,m,1980-1989,15-19,0.00117,0.00583,2.95,98428,574,490965,5785672,58.78
NE,m,1980-1989,20-24,0.00151,0.00752,2.39,97854,735,487354,5294707,54.11
NE,m,1980-1989,25-29,0.00126,0.00630,2.51,97119,612,484068,4807354,49.50
NE,m,1980-1989,30-34,0.00128,0.00636,2.5,96507,613,481003,4323286,44.80
NE,m,1980-1989,35-39,0.00162,0.00805,2.61,95893,772,477621,3842282,40.07
NE,m,1980-1989,40-44,0.00245,0.01217,2.71,95122,1158,472960,3364662,35.37
NE,m,1980-1989,45-49,0.00412,0.02040,2.7,93964,1917,465404,2891702,30.77
NE,m,1980-1989,50-54,0.00699,0.03439,2.66,92047,3165,452830,2426298,26.36
NE,m,1980-1989,55-59,0.01189,0.05785,2.69,88882,5142,432507,1973468,22.20
NE,m,1980-1989,60-64,0.01845,0.08839,2.64,83740,7402,401215,1540962,18.40
NE,m,1980-1989,65-69,0.02942,0.13739,2.59,76338,10488,356462,1139747,14.93
NE,m,1980-1989,70-74,0.04609,0.20759,2.61,65850,13670,296624,783285,11.90
NE,m,1980-1989,75-79,0.06793,0.29056,2.51,52180,15161,223207,486661,9.33
NE,m,1980-1989,80-84,0.10179,0.40435,2.46,37018,14968,147054,263454,7.12
NE,m,1980-1989,85-89,0.15543,0.55008,2.34,22050,12129,78036,116400,5.28
NE,m,1980-1989,90-94,0.23328,0.70357,2.18,9921,6980,29921,38365,3.87
NE,m,1980-1989,95-99,0.33179,0.82660,1.97,2941,2431,7327,8444,2.87
NE,m,1980-1989,100-104,0.44722,0.90834,1.73,510,463,1036,1117,2.19
NE,m,1980-1989,105-109,0.56907,0.95347,1.51,47,45,78,82,1.75
NE,m,1980-1989,110+,0.66649,1.00000,1.5,2,2,3,3,1.50
NE,m,1990-1999,0,0.00862,0.00855,0.07,100000,855,99203,7434045,74.34
NE,m,1990-1999,1-4,0.00041,0.00165,1.83,99145,164,396223,7334842,73.98
NE,m,1990-1999,5-9,0.00024,0.00122,2.5,98980,121,494601,6938619,70.10
NE,m,1990-1999,10-14,0.00030,0.00152,2.79,98860,151,493967,6444018,65.18
NE,m,1990-1999,15-19,0.00108,0.00537,2.85,98709,530,492405,5950052,60.28
NE,m,1990-1999,20-24,0.00121,0.00603,2.47,98180,592,489399,5457647,55.59
NE,m,1990-1999,25-29,0.00120,0.00599,2.49,97588,584,486468,4968248,50.91
NE,m,1990-1999,30-34,0.00138,0.00687,2.55,97003,666,483381,4481780,46.20
NE,m,1990-1999,35-39,0.00170,0.00848,2.64,96337,817,479753,3998398,41.50
NE,m,1990-1999,40-44,0.00238,0.01183,2.65,95520,1130,474944,3518646,36.84
NE,m,1990-1999,45-49,0.00349,0.01731,2.67,94390,1634,468137,3043701,32.25
NE,m,1990-1999,50-54,0.00565,0.02790,2.68,92756,2588,457768,2575564,27.77
NE,m,1990-1999,55-59,0.00961,0.04702,2.7,90168,4240,441070,2117796,23.49
NE,m,1990-1999,60-64,0.01517,0.07329,2.7,85928,6298,415130,1676727,19.51
NE,m,1990-1999,65-69,0.02472,0.11682,2.66,79630,9302,376350,1261597,15.84
NE,m,1990-1999,70-74,0.03902,0.17831,2.59,70328,12540,321399,885247,12.59
NE,m,1990-1999,75-79,0.05929,0.25939,2.59,57788,14989,252815,563848,9.76
NE,m,1990-1999,80-84,0.09803,0.39367,2.5,42798,16849,171872,311033,7.27
NE,m,1990-1999,85-89,0.15058,0.53962,2.38,25950,14003,92992,139161,5.36
NE,m,1990-1999,90-94,0.23263,0.70318,2.19,11947,8401,36112,46169,3.86
NE,m,1990-1999,95-99,0.33596,0.83121,1.96,3546,2947,8773,10057,2.84
NE,m,1990-1999,100-104,0.45741,0.91389,1.72,599,547,1196,1283,2.14
NE,m,1990-1999,105-109,0.58471,0.95765,1.49,52,49,84,88,1.70
NE,m,1990-1999,110+,0.68551,1.00000,1.46,2,2,3,3,1.46
NE,m,2000-2009,0,0.00698,0.00694,0.06,100000,694,99350,7632056,76.32
NE,m,2000-2009,1-4,0.00034,0.00135,1.63,99306,134,396906,7532706,75.85
NE,m,2000-2009,5-9,0.00016,0.00081,2.32,99172,80,495643,7135800,71.95
NE,m,2000-2009,10-14,0.00022,0.00108,3.12,99091,107,495256,6640157,67.01
NE,m,2000-2009,15-19,0.00085,0.00422,2.83,98985,418,494016,6144902,62.08
NE,m,2000-2009,20-24,0.00115,0.00573,2.48,98567,565,491408,5650885,57.33
NE,m,2000-2009,25-29,0.00102,0.00511,2.5,98002,501,488756,5159478,52.65
NE,m,2000-2009,30-34,0.00115,0.00572,2.63,97501,558,486184,4670722,47.90
NE,m,2000-2009,35-39,0.00150,0.00745,2.62,96943,723,482996,4184538,43.16
NE,m,2000-2009,40-44,0.00233,0.01161,2.69,96220,1117,478518,3701542,38.47
NE,m,2000-2009,45-49,0.00330,0.01635,2.61,95103,1555,471796,3223024,33.89
NE,m,2000-2009,50-54,0.00536,0.02646,2.66,93548,2475,461948,2751228,29.41
NE,m,2000-2009,55-59,0.00762,0.03743,2.64,91073,3409,447323,2289280,25.14
NE,m,2000-2009,60-64,0.01243,0.06041,2.67,87664,5296,425964,1841957,21.01
NE,m,2000-2009,65-69,0.01951,0.09326,2.64,82368,7682,393726,1415993,17.19
NE,m,2000-2009,70-74,0.03090,0.14388,2.61,74687,10746,347774,1022267,13.69
NE,m,2000-2009,75-79,0.04954,0.22107,2.57,63941,14135,285357,674493,10.55
NE,m,2000-2009,80-84,0.08254,0.34311,2.54,49805,17089,207029,389136,7.81
NE,m,2000-2009,85-89,0.13843,0.51222,2.46,32717,16758,121059,182106,5.57
NE,m,2000-2009,90-94,0.23245,0.70556,2.22,15958,11260,48439,61048,3.83
NE,m,2000-2009,95-99,0.35597,0.85148,1.94,4699,4001,11240,12609,2.68
NE,m,2000-2009,100-104,0.50182,0.93447,1.64,698,652,1300,1370,1.96
NE,m,2000-2009,105-109,0.64873,0.97120,1.39,46,44,68,70,1.54
NE,m,2000-2009,110+,0.75854,1.00000,1.32,1,1,2,2,1.32
NE,m,2010-2017,0,0.00589,0.00586,0.06,100000,586,99449,7730696,77.31
NE,m,2010-2017,1-4,0.00026,0.00105,1.56,99414,105,397399,7631246,76.76
NE,m,2010-2017,5-9,0.00013,0.00067,2.44,99309,66,496375,7233847,72.84
NE,m,2010-2017,10-14,0.00017,0.00083,2.8,99243,83,496033,6737472,67.89
NE,m,2010-2017,15-19,0.00066,0.00331,3.02,99160,328,495152,6241439,62.94
NE,m,2010-2017,20-24,0.00105,0.00523,2.61,98832,517,492923,5746287,58.14
NE,m,2010-2017,25-29,0.00113,0.00562,2.52,98315,553,490208,5253364,53.43
NE,m,2010-2017,30-34,0.00124,0.00618,2.58,97763,604,487350,4763156,48.72
NE,m,2010-2017,35-39,0.00157,0.00783,2.6,97159,761,483965,4275806,44.01
NE,m,2010-2017,40-44,0.00211,0.01050,2.71,96398,1012,479669,3791841,39.34
NE,m,2010-2017,45-49,0.00319,0.01585,2.66,95385,1512,473394,3312172,34.72
NE,m,2010-2017,50-54,0.00519,0.02563,2.68,93873,2406,463792,2838778,30.24
NE,m,2010-2017,55-59,0.00786,0.03858,2.62,91467,3529,448921,2374986,25.97
NE,m,2010-2017,60-64,0.01177,0.05726,2.67,87938,5035,427937,1926065,21.90
NE,m,2010-2017,65-69,0.01714,0.08238,2.64,82903,6830,398430,1498128,18.07
NE,m,2010-2017,70-74,0.02761,0.12957,2.63,76073,9857,357035,1099698,14.46
NE,m,2010-2017,75-79,0.04388,0.19846,2.6,66216,13141,299477,742662,11.22
NE,m,2010-2017,80-84,0.07192,0.30602,2.57,53075,16242,225827,443185,8.35
NE,m,2010-2017,85-89,0.12477,0.47470,2.48,36833,17485,140133,217358,5.90
NE,m,2010-2017,90-94,0.21892,0.68400,2.26,19348,13234,60453,77225,3.99
NE,m,2010-2017,95-99,0.34651,0.84449,1.97,6114,5163,14901,16772,2.74
NE,m,2010-2017,100-104,0.50024,0.93457,1.65,951,889,1776,1871,1.97
NE,m,2010-2017,105-109,0.65552,0.97257,1.38,62,61,92,95,1.52
NE,m,2010-2017,110+,0.77025,1.00000,1.3,2,2,2,2,1.30
